{
 "cells": [
  {
   "cell_type": "markdown",
   "id": "9a146950-b957-4bbe-8572-9e760db71ab7",
   "metadata": {},
   "source": [
    "# Lecture 11b,  Algo: Logistic Regression\n",
    "\n",
    "## Available libraries and differences   \n",
    "[Scikit learn function and parameters](https://scikit-learn.org/stable/modules/generated/sklearn.linear_model.LogisticRegression.html)  \n",
    "\n",
    "[Scikit learn user guide](https://scikit-learn.org/stable/modules/linear_model.html#logistic-regression)   \n",
    "\n",
    "[Statsmodels](https://www.statsmodels.org/devel/discretemod.html)   \n",
    "[Pingouin](https://pingouin-stats.org/generated/pingouin.logistic_regression.html)  \n",
    "Other: Tensorflow \n",
    "\n",
    "[Different use of statsmodels and scikit-learn: stats or predictions](https://stats.stackexchange.com/a/48578)    \n",
    "[Stats VS Machine Learning: complementarity and differences](https://stats.stackexchange.com/questions/6/the-two-cultures-statistics-vs-machine-learning)\n",
    "\n",
    "## Dataset: wikipedia, program effectiveness, iris flowers,\n",
    "loaded from csv file on your disk, or from a python module. \n",
    "\n",
    "[Program_Effectiveness Data Source and Info](https://www.statsmodels.org/devel/datasets/generated/spector.html)   \n",
    "\n",
    "[Program_Effectiveness Original Source and Info](https://pages.stern.nyu.edu/~wgreene/Text/econometricanalysis.htm)  \n",
    "\n",
    "**Remember**:   \n",
    "Summary about the algo:\n",
    "Logistic Regression is an \"supervised learning\" model.\n",
    "We know the labels. We have a \"y\" target variable. \n",
    "\n",
    "\n",
    "Goal of the algo:  \n",
    "Classify instances (observations)   \n",
    "Variatons:  \n",
    "* binary\n",
    "* multi-class\n",
    "* one VS rest\n",
    "\n",
    "Classes can be:  \n",
    "* unordered (all of equal importance)   \n",
    "* ordered (some classes have \"more\" of what defines a class.) Useful in socio-economic studies: Post Office code.   \n",
    "\n",
    "Important notes: \n",
    "Sigmoid functions properties. Non constant \"returns\".   \n",
    "Sigmoid functions slope.  \n",
    "\n",
    "How much does a factor affect the result?\n",
    "What will the result be?\n",
    "What is the probability of the result?\n"
   ]
  },
  {
   "cell_type": "code",
   "execution_count": 2,
   "id": "1f676bdd-49a5-400b-a95f-39988f3a7762",
   "metadata": {},
   "outputs": [],
   "source": [
    "# use pwd command to see in which folder we are working in.\n",
    "# pwd means present working directory\n",
    "# you may need !pwd in Mac OS"
   ]
  },
  {
   "cell_type": "code",
   "execution_count": 3,
   "id": "a260a08c-b3ca-4339-a232-b00c55f3bc64",
   "metadata": {},
   "outputs": [
    {
     "data": {
      "text/plain": [
       "'C:\\\\Users\\\\tharg\\\\uoa_py_course\\\\lectures\\\\ipynb_files\\\\lecture_11_nbc_logregc\\\\log_res'"
      ]
     },
     "execution_count": 3,
     "metadata": {},
     "output_type": "execute_result"
    }
   ],
   "source": [
    "pwd  "
   ]
  },
  {
   "cell_type": "markdown",
   "id": "bf1b6413-db3f-4add-86fe-ec4906024a28",
   "metadata": {},
   "source": [
    "# A. Import the necessary modules.   \n",
    "You may add libraries here as you go on with your work. But, all imports should be at the first code cell."
   ]
  },
  {
   "cell_type": "code",
   "execution_count": 4,
   "id": "883d265f-6382-4423-a500-ed6737120a43",
   "metadata": {},
   "outputs": [],
   "source": [
    "# data management libraries\n",
    "import pandas as pd\n",
    "import numpy as np\n",
    "\n",
    "# visualization libraries\n",
    "import matplotlib.pyplot as plt\n",
    "import matplotlib.cm as cm\n",
    "import seaborn as sns\n",
    "\n",
    "# scikit learn algo library (google it)\n",
    "from sklearn.linear_model import LogisticRegression\n",
    "# metrics libraries\n",
    "from sklearn import metrics\n",
    "from sklearn.datasets import load_iris\n",
    "\n",
    "# import pingouin stats library\n",
    "import pingouin as pg\n",
    "\n",
    "# import statsmodels stats library\n",
    "import statsmodels.api as sm"
   ]
  },
  {
   "cell_type": "markdown",
   "id": "5ec850b0-263e-47bc-ac89-c259463884dd",
   "metadata": {},
   "source": [
    "# B. Inspect the data and understand its features.   \n",
    "See which are the variables, what is their type, what are the values that the variables take.  \n",
    "At this step, you should think about possible relations that you ought to examine.   \n",
    "Which do you think might be more important?"
   ]
  },
  {
   "cell_type": "markdown",
   "id": "6d499e53-607f-4612-a957-33f3a6558e0c",
   "metadata": {},
   "source": [
    "## The wikipedia example"
   ]
  },
  {
   "cell_type": "code",
   "execution_count": 5,
   "id": "ac35974f-dea4-45e2-bc81-eb106358ec3b",
   "metadata": {},
   "outputs": [],
   "source": [
    "# First, let's create the dataframe\n",
    "Hours = [0.50, 0.75, 1.00, 1.25, 1.50, 1.75, 1.75, 2.00, 2.25, 2.50,\n",
    "         2.75, 3.00, 3.25, 3.50, 4.00, 4.25, 4.50, 4.75, 5.00, 5.50]\n",
    "Pass = [0, 0, 0, 0, 0, 0, 1, 0, 1, 0, 1, 0, 1, 0, 1, 1, 1, 1, 1, 1]\n",
    "df = pd.DataFrame({'HoursStudy': Hours, 'PassExam': Pass})"
   ]
  },
  {
   "cell_type": "code",
   "execution_count": 6,
   "id": "9b08825b-a47b-4792-8fa7-3f7b509c7c45",
   "metadata": {},
   "outputs": [
    {
     "data": {
      "text/html": [
       "<div>\n",
       "<style scoped>\n",
       "    .dataframe tbody tr th:only-of-type {\n",
       "        vertical-align: middle;\n",
       "    }\n",
       "\n",
       "    .dataframe tbody tr th {\n",
       "        vertical-align: top;\n",
       "    }\n",
       "\n",
       "    .dataframe thead th {\n",
       "        text-align: right;\n",
       "    }\n",
       "</style>\n",
       "<table border=\"1\" class=\"dataframe\">\n",
       "  <thead>\n",
       "    <tr style=\"text-align: right;\">\n",
       "      <th></th>\n",
       "      <th>HoursStudy</th>\n",
       "      <th>PassExam</th>\n",
       "    </tr>\n",
       "  </thead>\n",
       "  <tbody>\n",
       "    <tr>\n",
       "      <th>19</th>\n",
       "      <td>5.50</td>\n",
       "      <td>1</td>\n",
       "    </tr>\n",
       "    <tr>\n",
       "      <th>14</th>\n",
       "      <td>4.00</td>\n",
       "      <td>1</td>\n",
       "    </tr>\n",
       "    <tr>\n",
       "      <th>3</th>\n",
       "      <td>1.25</td>\n",
       "      <td>0</td>\n",
       "    </tr>\n",
       "    <tr>\n",
       "      <th>12</th>\n",
       "      <td>3.25</td>\n",
       "      <td>1</td>\n",
       "    </tr>\n",
       "  </tbody>\n",
       "</table>\n",
       "</div>"
      ],
      "text/plain": [
       "    HoursStudy  PassExam\n",
       "19        5.50         1\n",
       "14        4.00         1\n",
       "3         1.25         0\n",
       "12        3.25         1"
      ]
     },
     "execution_count": 6,
     "metadata": {},
     "output_type": "execute_result"
    }
   ],
   "source": [
    "df.sample(4)"
   ]
  },
  {
   "cell_type": "code",
   "execution_count": 7,
   "id": "a3cc6051-f411-43c1-b853-1fc063f3a66a",
   "metadata": {},
   "outputs": [],
   "source": [
    "# And then run the logistic regression\n",
    "X = df['HoursStudy']"
   ]
  },
  {
   "cell_type": "code",
   "execution_count": 8,
   "id": "a0497352-0779-42f6-b177-8b1d8561a6d5",
   "metadata": {},
   "outputs": [
    {
     "data": {
      "text/plain": [
       "5     1.75\n",
       "12    3.25\n",
       "Name: HoursStudy, dtype: float64"
      ]
     },
     "execution_count": 8,
     "metadata": {},
     "output_type": "execute_result"
    }
   ],
   "source": [
    "X.sample(2)"
   ]
  },
  {
   "cell_type": "code",
   "execution_count": 9,
   "id": "5db00e43-6b1b-4050-885b-be962d4dd088",
   "metadata": {},
   "outputs": [
    {
     "name": "stderr",
     "output_type": "stream",
     "text": [
      "C:\\Users\\tharg\\uoa_py_course\\course_venv\\lib\\site-packages\\sklearn\\linear_model\\_logistic.py:1173: FutureWarning: `penalty='none'`has been deprecated in 1.2 and will be removed in 1.4. To keep the past behaviour, set `penalty=None`.\n",
      "  warnings.warn(\n"
     ]
    },
    {
     "data": {
      "text/html": [
       "<div>\n",
       "<style scoped>\n",
       "    .dataframe tbody tr th:only-of-type {\n",
       "        vertical-align: middle;\n",
       "    }\n",
       "\n",
       "    .dataframe tbody tr th {\n",
       "        vertical-align: top;\n",
       "    }\n",
       "\n",
       "    .dataframe thead th {\n",
       "        text-align: right;\n",
       "    }\n",
       "</style>\n",
       "<table border=\"1\" class=\"dataframe\">\n",
       "  <thead>\n",
       "    <tr style=\"text-align: right;\">\n",
       "      <th></th>\n",
       "      <th>names</th>\n",
       "      <th>coef</th>\n",
       "      <th>se</th>\n",
       "      <th>z</th>\n",
       "      <th>pval</th>\n",
       "      <th>CI[2.5%]</th>\n",
       "      <th>CI[97.5%]</th>\n",
       "    </tr>\n",
       "  </thead>\n",
       "  <tbody>\n",
       "    <tr>\n",
       "      <th>0</th>\n",
       "      <td>Intercept</td>\n",
       "      <td>-4.078</td>\n",
       "      <td>1.761</td>\n",
       "      <td>-2.316</td>\n",
       "      <td>0.021</td>\n",
       "      <td>-7.529</td>\n",
       "      <td>-0.626</td>\n",
       "    </tr>\n",
       "    <tr>\n",
       "      <th>1</th>\n",
       "      <td>HoursStudy</td>\n",
       "      <td>1.505</td>\n",
       "      <td>0.629</td>\n",
       "      <td>2.393</td>\n",
       "      <td>0.017</td>\n",
       "      <td>0.272</td>\n",
       "      <td>2.737</td>\n",
       "    </tr>\n",
       "  </tbody>\n",
       "</table>\n",
       "</div>"
      ],
      "text/plain": [
       "        names   coef     se      z   pval  CI[2.5%]  CI[97.5%]\n",
       "0   Intercept -4.078  1.761 -2.316  0.021    -7.529     -0.626\n",
       "1  HoursStudy  1.505  0.629  2.393  0.017     0.272      2.737"
      ]
     },
     "execution_count": 9,
     "metadata": {},
     "output_type": "execute_result"
    }
   ],
   "source": [
    "y = df['PassExam']\n",
    "lr = pg.logistic_regression(X, y).round(3)\n",
    "lr"
   ]
  },
  {
   "cell_type": "code",
   "execution_count": 10,
   "id": "8b399fc1-1c6c-486d-a942-9872fad89b19",
   "metadata": {},
   "outputs": [
    {
     "name": "stderr",
     "output_type": "stream",
     "text": [
      "C:\\Users\\tharg\\uoa_py_course\\course_venv\\lib\\site-packages\\sklearn\\linear_model\\_logistic.py:1173: FutureWarning: `penalty='none'`has been deprecated in 1.2 and will be removed in 1.4. To keep the past behaviour, set `penalty=None`.\n",
      "  warnings.warn(\n"
     ]
    },
    {
     "data": {
      "text/plain": [
       "array([-4.07771341,  1.50464542])"
      ]
     },
     "execution_count": 10,
     "metadata": {},
     "output_type": "execute_result"
    }
   ],
   "source": [
    "pg.logistic_regression(X.to_numpy(), y.to_numpy(), coef_only=True)"
   ]
  },
  {
   "cell_type": "markdown",
   "id": "9ebc5244-8656-499e-aa5a-daceef698956",
   "metadata": {},
   "source": [
    "## The program effectiveness data"
   ]
  },
  {
   "cell_type": "code",
   "execution_count": 11,
   "id": "dd2719bd-73d6-4b15-901a-272b505a9303",
   "metadata": {},
   "outputs": [],
   "source": [
    "spector_data = sm.datasets.spector.load()\n",
    "spector_data.exog = sm.add_constant(spector_data.exog, prepend=False)"
   ]
  },
  {
   "cell_type": "code",
   "execution_count": 12,
   "id": "c86e8fb1-82d3-47a0-8667-b98ecc82cf8a",
   "metadata": {},
   "outputs": [
    {
     "data": {
      "text/plain": [
       "<class 'statsmodels.datasets.utils.Dataset'>"
      ]
     },
     "execution_count": 12,
     "metadata": {},
     "output_type": "execute_result"
    }
   ],
   "source": [
    "spector_data"
   ]
  },
  {
   "cell_type": "code",
   "execution_count": 13,
   "id": "6b7b4f8d-9ecf-4966-b2cf-ed615971ee09",
   "metadata": {},
   "outputs": [
    {
     "data": {
      "text/plain": [
       "statsmodels.datasets.utils.Dataset"
      ]
     },
     "execution_count": 13,
     "metadata": {},
     "output_type": "execute_result"
    }
   ],
   "source": [
    "type(spector_data)"
   ]
  },
  {
   "cell_type": "code",
   "execution_count": 14,
   "id": "58a909be-deee-4b85-b0eb-cf2f7757cfaf",
   "metadata": {},
   "outputs": [
    {
     "name": "stdout",
     "output_type": "stream",
     "text": [
      "    GPA  TUCE  PSI  const\n",
      "0  2.66  20.0  0.0    1.0\n",
      "1  2.89  22.0  0.0    1.0\n",
      "2  3.28  24.0  0.0    1.0\n",
      "3  2.92  12.0  0.0    1.0\n",
      "4  4.00  21.0  0.0    1.0\n"
     ]
    }
   ],
   "source": [
    "print(spector_data.exog.head())"
   ]
  },
  {
   "cell_type": "code",
   "execution_count": 15,
   "id": "3c89c825-34a6-4e11-8cea-c6729084fead",
   "metadata": {},
   "outputs": [
    {
     "name": "stdout",
     "output_type": "stream",
     "text": [
      "0    0.0\n",
      "1    0.0\n",
      "2    0.0\n",
      "3    0.0\n",
      "4    1.0\n",
      "Name: GRADE, dtype: float64\n"
     ]
    }
   ],
   "source": [
    "print(spector_data.endog.head())"
   ]
  },
  {
   "cell_type": "code",
   "execution_count": 16,
   "id": "3dbbee47-485e-4733-b894-41c9f055ce72",
   "metadata": {},
   "outputs": [],
   "source": [
    "X = pd.DataFrame(spector_data.exog)"
   ]
  },
  {
   "cell_type": "code",
   "execution_count": 17,
   "id": "52aa8fae-54dc-40be-b7b2-1b7d3c31eeef",
   "metadata": {},
   "outputs": [
    {
     "data": {
      "text/html": [
       "<div>\n",
       "<style scoped>\n",
       "    .dataframe tbody tr th:only-of-type {\n",
       "        vertical-align: middle;\n",
       "    }\n",
       "\n",
       "    .dataframe tbody tr th {\n",
       "        vertical-align: top;\n",
       "    }\n",
       "\n",
       "    .dataframe thead th {\n",
       "        text-align: right;\n",
       "    }\n",
       "</style>\n",
       "<table border=\"1\" class=\"dataframe\">\n",
       "  <thead>\n",
       "    <tr style=\"text-align: right;\">\n",
       "      <th></th>\n",
       "      <th>GRADE</th>\n",
       "    </tr>\n",
       "  </thead>\n",
       "  <tbody>\n",
       "    <tr>\n",
       "      <th>24</th>\n",
       "      <td>1.0</td>\n",
       "    </tr>\n",
       "    <tr>\n",
       "      <th>8</th>\n",
       "      <td>0.0</td>\n",
       "    </tr>\n",
       "    <tr>\n",
       "      <th>27</th>\n",
       "      <td>0.0</td>\n",
       "    </tr>\n",
       "    <tr>\n",
       "      <th>25</th>\n",
       "      <td>1.0</td>\n",
       "    </tr>\n",
       "    <tr>\n",
       "      <th>12</th>\n",
       "      <td>0.0</td>\n",
       "    </tr>\n",
       "    <tr>\n",
       "      <th>5</th>\n",
       "      <td>0.0</td>\n",
       "    </tr>\n",
       "    <tr>\n",
       "      <th>20</th>\n",
       "      <td>0.0</td>\n",
       "    </tr>\n",
       "    <tr>\n",
       "      <th>14</th>\n",
       "      <td>0.0</td>\n",
       "    </tr>\n",
       "    <tr>\n",
       "      <th>30</th>\n",
       "      <td>0.0</td>\n",
       "    </tr>\n",
       "    <tr>\n",
       "      <th>1</th>\n",
       "      <td>0.0</td>\n",
       "    </tr>\n",
       "  </tbody>\n",
       "</table>\n",
       "</div>"
      ],
      "text/plain": [
       "    GRADE\n",
       "24    1.0\n",
       "8     0.0\n",
       "27    0.0\n",
       "25    1.0\n",
       "12    0.0\n",
       "5     0.0\n",
       "20    0.0\n",
       "14    0.0\n",
       "30    0.0\n",
       "1     0.0"
      ]
     },
     "execution_count": 17,
     "metadata": {},
     "output_type": "execute_result"
    }
   ],
   "source": [
    "y = pd.DataFrame(spector_data.endog)\n",
    "y.sample(10)"
   ]
  },
  {
   "cell_type": "code",
   "execution_count": 18,
   "id": "bb22b9ea-31b7-44a5-9d74-2b6535fd0af0",
   "metadata": {},
   "outputs": [
    {
     "name": "stdout",
     "output_type": "stream",
     "text": [
      "Parameters:\n",
      " GPA       2.826113\n",
      "TUCE      0.095158\n",
      "PSI       2.378688\n",
      "const   -13.021347\n",
      "dtype: float64\n"
     ]
    }
   ],
   "source": [
    "logit_mod = sm.Logit(spector_data.endog, spector_data.exog)\n",
    "logit_res = logit_mod.fit(disp=0)\n",
    "print(\"Parameters:\\n\",logit_res.params)"
   ]
  },
  {
   "cell_type": "code",
   "execution_count": 19,
   "id": "b1f6af0d-65a6-4844-a6a5-31c523f4b574",
   "metadata": {},
   "outputs": [],
   "source": [
    "A = np.identity(len(logit_res.params))\n",
    "A = A[1:,:]"
   ]
  },
  {
   "cell_type": "code",
   "execution_count": 20,
   "id": "848427e1-a222-4c77-8708-0ce68ca6096e",
   "metadata": {},
   "outputs": [
    {
     "data": {
      "text/plain": [
       "<class 'statsmodels.stats.contrast.ContrastResults'>\n",
       "<F test: F=2.8850001268853, p=0.05331525256957257, df_denom=28, df_num=3>"
      ]
     },
     "execution_count": 20,
     "metadata": {},
     "output_type": "execute_result"
    }
   ],
   "source": [
    "logit_res.f_test(A)"
   ]
  },
  {
   "cell_type": "code",
   "execution_count": 21,
   "id": "26ce399f-ce81-40ab-97b2-817b2ae51a4c",
   "metadata": {},
   "outputs": [
    {
     "name": "stdout",
     "output_type": "stream",
     "text": [
      "        Logit Marginal Effects       \n",
      "=====================================\n",
      "Dep. Variable:                  GRADE\n",
      "Method:                          dydx\n",
      "At:                           overall\n",
      "==============================================================================\n",
      "                dy/dx    std err          z      P>|z|      [0.025      0.975]\n",
      "------------------------------------------------------------------------------\n",
      "GPA            0.3626      0.109      3.313      0.001       0.148       0.577\n",
      "TUCE           0.0122      0.018      0.686      0.493      -0.023       0.047\n",
      "PSI            0.3052      0.092      3.304      0.001       0.124       0.486\n",
      "==============================================================================\n"
     ]
    }
   ],
   "source": [
    "margeff = logit_res.get_margeff()\n",
    "print(margeff.summary())"
   ]
  },
  {
   "cell_type": "code",
   "execution_count": 22,
   "id": "b91b6780-28bb-42f3-86aa-f623f1342526",
   "metadata": {},
   "outputs": [
    {
     "name": "stdout",
     "output_type": "stream",
     "text": [
      "                           Logit Regression Results                           \n",
      "==============================================================================\n",
      "Dep. Variable:                  GRADE   No. Observations:                   32\n",
      "Model:                          Logit   Df Residuals:                       28\n",
      "Method:                           MLE   Df Model:                            3\n",
      "Date:                Tue, 06 Jun 2023   Pseudo R-squ.:                  0.3740\n",
      "Time:                        15:03:42   Log-Likelihood:                -12.890\n",
      "converged:                       True   LL-Null:                       -20.592\n",
      "Covariance Type:            nonrobust   LLR p-value:                  0.001502\n",
      "==============================================================================\n",
      "                 coef    std err          z      P>|z|      [0.025      0.975]\n",
      "------------------------------------------------------------------------------\n",
      "GPA            2.8261      1.263      2.238      0.025       0.351       5.301\n",
      "TUCE           0.0952      0.142      0.672      0.501      -0.182       0.373\n",
      "PSI            2.3787      1.065      2.234      0.025       0.292       4.465\n",
      "const        -13.0213      4.931     -2.641      0.008     -22.687      -3.356\n",
      "==============================================================================\n"
     ]
    }
   ],
   "source": [
    "print(logit_res.summary())"
   ]
  },
  {
   "cell_type": "markdown",
   "id": "1c41bcab-7981-4156-9b6b-6ac0475d0348",
   "metadata": {},
   "source": [
    "## Iris from scikit-learn"
   ]
  },
  {
   "cell_type": "code",
   "execution_count": 23,
   "id": "e58df0f0-42db-4a7a-b9bf-ab47cfa4d082",
   "metadata": {},
   "outputs": [],
   "source": [
    "X, y = load_iris(return_X_y=True)"
   ]
  },
  {
   "cell_type": "markdown",
   "id": "d214570f-b8b7-457c-9ce9-e9f78271e891",
   "metadata": {},
   "source": [
    "### Always holdout data for testing in real life.\n",
    "### in these lecture notes I performed no split of the datasets only to focus on other issues.   "
   ]
  },
  {
   "cell_type": "code",
   "execution_count": 24,
   "id": "6a7908c6-d477-4052-8a43-86aa7dda8b1d",
   "metadata": {},
   "outputs": [],
   "source": [
    "clf = LogisticRegression(random_state=0, max_iter=200).fit(X, y)"
   ]
  },
  {
   "cell_type": "code",
   "execution_count": 25,
   "id": "5a50f064-2e4d-4f1d-899b-4869b201bc77",
   "metadata": {},
   "outputs": [
    {
     "data": {
      "text/plain": [
       "array([0, 0, 0, 0, 0, 0, 0, 0, 0, 0, 0, 0, 0, 0, 0, 0, 0, 0, 0, 0, 0, 0,\n",
       "       0, 0, 0, 0, 0, 0, 0, 0, 0, 0, 0, 0, 0, 0, 0, 0, 0, 0, 0, 0, 0, 0,\n",
       "       0, 0, 0, 0, 0, 0, 1, 1, 1, 1, 1, 1, 1, 1, 1, 1, 1, 1, 1, 1, 1, 1,\n",
       "       1, 1, 1, 1, 2, 1, 1, 1, 1, 1, 1, 2, 1, 1, 1, 1, 1, 2, 1, 1, 1, 1,\n",
       "       1, 1, 1, 1, 1, 1, 1, 1, 1, 1, 1, 1, 2, 2, 2, 2, 2, 2, 1, 2, 2, 2,\n",
       "       2, 2, 2, 2, 2, 2, 2, 2, 2, 2, 2, 2, 2, 2, 2, 2, 2, 2, 2, 2, 2, 2,\n",
       "       2, 2, 2, 2, 2, 2, 2, 2, 2, 2, 2, 2, 2, 2, 2, 2, 2, 2])"
      ]
     },
     "execution_count": 25,
     "metadata": {},
     "output_type": "execute_result"
    }
   ],
   "source": [
    "clf.predict(X[:, :])"
   ]
  },
  {
   "cell_type": "code",
   "execution_count": 26,
   "id": "1f65777c-79b7-4071-9b55-7709fbd7e191",
   "metadata": {},
   "outputs": [],
   "source": [
    "np.set_printoptions(suppress=True)"
   ]
  },
  {
   "cell_type": "code",
   "execution_count": 28,
   "id": "c5e17a6c-6621-43ca-8882-5b029b0ddd1a",
   "metadata": {},
   "outputs": [
    {
     "data": {
      "text/plain": [
       "array([[0.9815835 , 0.01841648, 0.00000001],\n",
       "       [0.97133891, 0.02866106, 0.00000003],\n",
       "       [0.98527581, 0.01472418, 0.00000001],\n",
       "       [0.97606513, 0.02393483, 0.00000004],\n",
       "       [0.98523375, 0.01476624, 0.00000001],\n",
       "       [0.97022292, 0.02977701, 0.00000007],\n",
       "       [0.98677436, 0.01322562, 0.00000002],\n",
       "       [0.97614809, 0.02385188, 0.00000003],\n",
       "       [0.9796288 , 0.02037117, 0.00000003],\n",
       "       [0.96876492, 0.03123505, 0.00000003],\n",
       "       [0.97623076, 0.02376922, 0.00000002],\n",
       "       [0.97520955, 0.02479041, 0.00000004],\n",
       "       [0.97423015, 0.02576982, 0.00000002],\n",
       "       [0.99187311, 0.00812688, 0.        ],\n",
       "       [0.98801523, 0.01198477, 0.        ],\n",
       "       [0.98665199, 0.013348  , 0.00000001],\n",
       "       [0.98796767, 0.01203232, 0.00000001],\n",
       "       [0.9813369 , 0.01866308, 0.00000002],\n",
       "       [0.9561112 , 0.04388873, 0.00000007],\n",
       "       [0.98398175, 0.01601823, 0.00000002],\n",
       "       [0.94617027, 0.05382965, 0.00000009],\n",
       "       [0.98157531, 0.01842466, 0.00000003],\n",
       "       [0.99596144, 0.00403856, 0.        ],\n",
       "       [0.95186178, 0.04813798, 0.00000024],\n",
       "       [0.95161604, 0.04838375, 0.00000021],\n",
       "       [0.95097918, 0.04902074, 0.00000009],\n",
       "       [0.96933766, 0.03066225, 0.00000009],\n",
       "       [0.97464503, 0.02535494, 0.00000003],\n",
       "       [0.97705193, 0.02294806, 0.00000002],\n",
       "       [0.97097746, 0.02902248, 0.00000006],\n",
       "       [0.96393206, 0.03606787, 0.00000007],\n",
       "       [0.96448449, 0.03551545, 0.00000006],\n",
       "       [0.98829316, 0.01170684, 0.00000001],\n",
       "       [0.98895764, 0.01104235, 0.00000001],\n",
       "       [0.96835221, 0.03164774, 0.00000004],\n",
       "       [0.98443787, 0.01556212, 0.00000001],\n",
       "       [0.97862582, 0.02137417, 0.00000001],\n",
       "       [0.98674245, 0.01325754, 0.00000001],\n",
       "       [0.98569837, 0.01430161, 0.00000002],\n",
       "       [0.97381398, 0.02618599, 0.00000003],\n",
       "       [0.98646954, 0.01353045, 0.00000001],\n",
       "       [0.96164112, 0.03835881, 0.00000007],\n",
       "       [0.98891149, 0.0110885 , 0.00000001],\n",
       "       [0.97222175, 0.02777811, 0.00000014],\n",
       "       [0.9600769 , 0.03992287, 0.00000022],\n",
       "       [0.97354084, 0.02645912, 0.00000004],\n",
       "       [0.98016679, 0.01983318, 0.00000003],\n",
       "       [0.98317827, 0.01682171, 0.00000002],\n",
       "       [0.97835423, 0.02164575, 0.00000002],\n",
       "       [0.97841546, 0.02158452, 0.00000002],\n",
       "       [0.00212807, 0.87395335, 0.12391857],\n",
       "       [0.00582354, 0.85971996, 0.1344565 ],\n",
       "       [0.00106149, 0.72507208, 0.27386643],\n",
       "       [0.01541528, 0.93969731, 0.0448874 ],\n",
       "       [0.00237859, 0.81522397, 0.18239744],\n",
       "       [0.00698882, 0.86010558, 0.1329056 ],\n",
       "       [0.00377561, 0.716466  , 0.27975839],\n",
       "       [0.14775998, 0.84918642, 0.0030536 ],\n",
       "       [0.00277851, 0.89664749, 0.100574  ],\n",
       "       [0.04149361, 0.91189229, 0.0466141 ],\n",
       "       [0.05578308, 0.93775038, 0.00646653],\n",
       "       [0.01519007, 0.89882082, 0.08598911],\n",
       "       [0.00908739, 0.97658767, 0.01432494],\n",
       "       [0.00305183, 0.77924894, 0.21769923],\n",
       "       [0.07447556, 0.91507518, 0.01044926],\n",
       "       [0.00528593, 0.92635028, 0.06836379],\n",
       "       [0.00872345, 0.7746332 , 0.21664335],\n",
       "       [0.01644286, 0.96519358, 0.01836356],\n",
       "       [0.00181155, 0.80108054, 0.19710791],\n",
       "       [0.02395778, 0.95944831, 0.01659391],\n",
       "       [0.00230976, 0.44006377, 0.55762647],\n",
       "       [0.01682967, 0.95678422, 0.02638611],\n",
       "       [0.00071572, 0.59630953, 0.40297475],\n",
       "       [0.00304184, 0.85989255, 0.13706561],\n",
       "       [0.00707794, 0.94295873, 0.04996332],\n",
       "       [0.00507933, 0.9201044 , 0.07481627],\n",
       "       [0.00112046, 0.80154715, 0.19733239],\n",
       "       [0.00057926, 0.48112001, 0.51830073],\n",
       "       [0.00548805, 0.81307888, 0.18143306],\n",
       "       [0.06164409, 0.93497758, 0.00337833],\n",
       "       [0.0291358 , 0.95725587, 0.01360833],\n",
       "       [0.03713562, 0.95533448, 0.0075299 ],\n",
       "       [0.02517523, 0.95648997, 0.0183348 ],\n",
       "       [0.00044982, 0.34967525, 0.64987493],\n",
       "       [0.0102402 , 0.75083418, 0.23892562],\n",
       "       [0.01000208, 0.7886356 , 0.20136231],\n",
       "       [0.00226616, 0.80516163, 0.19257221],\n",
       "       [0.00276337, 0.91320193, 0.08403469],\n",
       "       [0.02707377, 0.92850108, 0.04442515],\n",
       "       [0.01991283, 0.93808868, 0.04199849],\n",
       "       [0.00872085, 0.8978917 , 0.09338745],\n",
       "       [0.00464894, 0.82823998, 0.16711108],\n",
       "       [0.01757528, 0.95702376, 0.02540096],\n",
       "       [0.12166251, 0.8752896 , 0.00304789],\n",
       "       [0.0144722 , 0.92046509, 0.06506271],\n",
       "       [0.01999662, 0.93808289, 0.04192049],\n",
       "       [0.0171082 , 0.92541658, 0.05747522],\n",
       "       [0.00850071, 0.93512296, 0.05637633],\n",
       "       [0.24353367, 0.75517563, 0.0012907 ],\n",
       "       [0.0191667 , 0.93603607, 0.04479722],\n",
       "       [0.00000091, 0.00391191, 0.99608719],\n",
       "       [0.00024313, 0.16253649, 0.83722039],\n",
       "       [0.00000248, 0.02556802, 0.9744295 ],\n",
       "       [0.00003126, 0.08166074, 0.91830799],\n",
       "       [0.00000374, 0.01743695, 0.98255931],\n",
       "       [0.00000006, 0.0046376 , 0.99536234],\n",
       "       [0.00577838, 0.51368545, 0.48053617],\n",
       "       [0.00000062, 0.02134007, 0.97865931],\n",
       "       [0.00000523, 0.05328102, 0.94671375],\n",
       "       [0.00000066, 0.00573939, 0.99425996],\n",
       "       [0.00030254, 0.21041185, 0.78928561],\n",
       "       [0.00007283, 0.13728785, 0.86263932],\n",
       "       [0.0000213 , 0.06524728, 0.93473143],\n",
       "       [0.00022964, 0.14522407, 0.85454629],\n",
       "       [0.00006916, 0.04349276, 0.95643809],\n",
       "       [0.00005169, 0.05401221, 0.94593609],\n",
       "       [0.00005567, 0.12287411, 0.87707022],\n",
       "       [0.00000008, 0.0035583 , 0.99644161],\n",
       "       [0.        , 0.00100017, 0.99899983],\n",
       "       [0.00038985, 0.45196834, 0.5476418 ],\n",
       "       [0.00000561, 0.02383909, 0.9761553 ],\n",
       "       [0.0006145 , 0.19040725, 0.80897825],\n",
       "       [0.00000003, 0.00465373, 0.99534624],\n",
       "       [0.0005861 , 0.39303439, 0.60637951],\n",
       "       [0.00001285, 0.03858765, 0.9613995 ],\n",
       "       [0.00000486, 0.05147215, 0.94852299],\n",
       "       [0.00107354, 0.45643323, 0.54249323],\n",
       "       [0.00102421, 0.38528729, 0.61368851],\n",
       "       [0.00001067, 0.03632918, 0.96366015],\n",
       "       [0.0000169 , 0.14195915, 0.85802394],\n",
       "       [0.00000106, 0.02919372, 0.97080522],\n",
       "       [0.0000007 , 0.01740914, 0.98259016],\n",
       "       [0.0000079 , 0.02725476, 0.97273734],\n",
       "       [0.00052922, 0.47553102, 0.52393976],\n",
       "       [0.00006271, 0.18857698, 0.81136031],\n",
       "       [0.00000039, 0.01174191, 0.98825769],\n",
       "       [0.00001164, 0.01731771, 0.98267065],\n",
       "       [0.00006775, 0.11944979, 0.88048247],\n",
       "       [0.0016229 , 0.44030326, 0.55807384],\n",
       "       [0.00003973, 0.09345689, 0.90650339],\n",
       "       [0.00000632, 0.02028149, 0.9797122 ],\n",
       "       [0.0000998 , 0.12060898, 0.87929122],\n",
       "       [0.00024313, 0.16253649, 0.83722039],\n",
       "       [0.00000205, 0.01258114, 0.98741681],\n",
       "       [0.00000382, 0.0120981 , 0.98789809],\n",
       "       [0.000056  , 0.0800877 , 0.9198563 ],\n",
       "       [0.0002273 , 0.25189813, 0.74787457],\n",
       "       [0.00013854, 0.15708766, 0.8427738 ],\n",
       "       [0.00004572, 0.03840781, 0.96154647],\n",
       "       [0.00047623, 0.23482368, 0.76470009]])"
      ]
     },
     "execution_count": 28,
     "metadata": {},
     "output_type": "execute_result"
    }
   ],
   "source": [
    "clf.predict_proba(X)"
   ]
  },
  {
   "cell_type": "code",
   "execution_count": 27,
   "id": "07333b23-3b11-4cac-b7e7-91c172bdbd44",
   "metadata": {},
   "outputs": [
    {
     "data": {
      "text/plain": [
       "0.9733333333333334"
      ]
     },
     "execution_count": 27,
     "metadata": {},
     "output_type": "execute_result"
    }
   ],
   "source": [
    "clf.score(X, y)"
   ]
  },
  {
   "cell_type": "code",
   "execution_count": 28,
   "id": "a5a7eddb-583b-4f26-a265-76afc73bc1cd",
   "metadata": {},
   "outputs": [
    {
     "data": {
      "text/plain": [
       "\u001b[1;31mType:\u001b[0m        int\n",
       "\u001b[1;31mString form:\u001b[0m 4\n",
       "\u001b[1;31mDocstring:\u001b[0m  \n",
       "int([x]) -> integer\n",
       "int(x, base=10) -> integer\n",
       "\n",
       "Convert a number or string to an integer, or return 0 if no arguments\n",
       "are given.  If x is a number, return x.__int__().  For floating point\n",
       "numbers, this truncates towards zero.\n",
       "\n",
       "If x is not a number or if base is given, then x must be a string,\n",
       "bytes, or bytearray instance representing an integer literal in the\n",
       "given base.  The literal can be preceded by '+' or '-' and be surrounded\n",
       "by whitespace.  The base defaults to 10.  Valid bases are 0 and 2-36.\n",
       "Base 0 means to interpret the base from the string as an integer literal.\n",
       ">>> int('0b100', base=0)\n",
       "4"
      ]
     },
     "metadata": {},
     "output_type": "display_data"
    }
   ],
   "source": [
    "clf.n_features_in_?"
   ]
  },
  {
   "cell_type": "code",
   "execution_count": 29,
   "id": "15aa7eed-74fe-4247-ba9f-83c8c953b277",
   "metadata": {},
   "outputs": [
    {
     "data": {
      "text/plain": [
       "\u001b[1;31mSignature:\u001b[0m \u001b[0mclf\u001b[0m\u001b[1;33m.\u001b[0m\u001b[0mscore\u001b[0m\u001b[1;33m(\u001b[0m\u001b[0mX\u001b[0m\u001b[1;33m,\u001b[0m \u001b[0my\u001b[0m\u001b[1;33m,\u001b[0m \u001b[0msample_weight\u001b[0m\u001b[1;33m=\u001b[0m\u001b[1;32mNone\u001b[0m\u001b[1;33m)\u001b[0m\u001b[1;33m\u001b[0m\u001b[1;33m\u001b[0m\u001b[0m\n",
       "\u001b[1;31mDocstring:\u001b[0m\n",
       "Return the mean accuracy on the given test data and labels.\n",
       "\n",
       "In multi-label classification, this is the subset accuracy\n",
       "which is a harsh metric since you require for each sample that\n",
       "each label set be correctly predicted.\n",
       "\n",
       "Parameters\n",
       "----------\n",
       "X : array-like of shape (n_samples, n_features)\n",
       "    Test samples.\n",
       "\n",
       "y : array-like of shape (n_samples,) or (n_samples, n_outputs)\n",
       "    True labels for `X`.\n",
       "\n",
       "sample_weight : array-like of shape (n_samples,), default=None\n",
       "    Sample weights.\n",
       "\n",
       "Returns\n",
       "-------\n",
       "score : float\n",
       "    Mean accuracy of ``self.predict(X)`` w.r.t. `y`.\n",
       "\u001b[1;31mFile:\u001b[0m      c:\\users\\tharg\\uoa_py_course\\course_venv\\lib\\site-packages\\sklearn\\base.py\n",
       "\u001b[1;31mType:\u001b[0m      method"
      ]
     },
     "metadata": {},
     "output_type": "display_data"
    }
   ],
   "source": [
    "clf.score?"
   ]
  },
  {
   "cell_type": "code",
   "execution_count": 30,
   "id": "c36fc396-4bf2-400e-8447-e618bc462b8d",
   "metadata": {},
   "outputs": [
    {
     "data": {
      "text/plain": [
       "array([0, 1, 2])"
      ]
     },
     "execution_count": 30,
     "metadata": {},
     "output_type": "execute_result"
    }
   ],
   "source": [
    "# link to liblinear libary, go to datasets, phising dataset\n",
    "# LogisticRegression?\n",
    "\n",
    "clf.classes_"
   ]
  },
  {
   "cell_type": "code",
   "execution_count": 31,
   "id": "34053a62-a5b0-43f9-b68c-416401b170c5",
   "metadata": {},
   "outputs": [
    {
     "data": {
      "text/plain": [
       "array([[-0.42319387,  0.96707765, -2.51718312, -1.07957563],\n",
       "       [ 0.53435852, -0.32151325, -0.20652326, -0.9440541 ],\n",
       "       [-0.11116466, -0.64556441,  2.72370638,  2.02362972]])"
      ]
     },
     "execution_count": 31,
     "metadata": {},
     "output_type": "execute_result"
    }
   ],
   "source": [
    "clf.coef_"
   ]
  },
  {
   "cell_type": "code",
   "execution_count": 32,
   "id": "2e8909f4-a1f0-4b64-83f3-0739dbc44835",
   "metadata": {},
   "outputs": [
    {
     "data": {
      "text/plain": [
       "array([  9.84913638,   2.23773829, -12.08687468])"
      ]
     },
     "execution_count": 32,
     "metadata": {},
     "output_type": "execute_result"
    }
   ],
   "source": [
    "clf.intercept_"
   ]
  },
  {
   "cell_type": "code",
   "execution_count": 33,
   "id": "4de311ae-d4c5-4252-b329-5ba3d54aef53",
   "metadata": {},
   "outputs": [
    {
     "data": {
      "text/plain": [
       "150"
      ]
     },
     "execution_count": 33,
     "metadata": {},
     "output_type": "execute_result"
    }
   ],
   "source": [
    "len(clf.predict_proba(X))"
   ]
  },
  {
   "cell_type": "code",
   "execution_count": 34,
   "id": "7ff922cf-f05f-4be0-985e-e8c9f38d5700",
   "metadata": {},
   "outputs": [
    {
     "data": {
      "text/plain": [
       "array([[0.9815835 , 0.01841648, 0.00000001],\n",
       "       [0.97133891, 0.02866106, 0.00000003],\n",
       "       [0.98527581, 0.01472418, 0.00000001],\n",
       "       [0.97606513, 0.02393483, 0.00000004],\n",
       "       [0.98523375, 0.01476624, 0.00000001],\n",
       "       [0.97022292, 0.02977701, 0.00000007],\n",
       "       [0.98677436, 0.01322562, 0.00000002],\n",
       "       [0.97614809, 0.02385188, 0.00000003],\n",
       "       [0.9796288 , 0.02037117, 0.00000003],\n",
       "       [0.96876492, 0.03123505, 0.00000003],\n",
       "       [0.97623076, 0.02376922, 0.00000002],\n",
       "       [0.97520955, 0.02479041, 0.00000004],\n",
       "       [0.97423015, 0.02576982, 0.00000002],\n",
       "       [0.99187311, 0.00812688, 0.        ],\n",
       "       [0.98801523, 0.01198477, 0.        ],\n",
       "       [0.98665199, 0.013348  , 0.00000001],\n",
       "       [0.98796767, 0.01203232, 0.00000001],\n",
       "       [0.9813369 , 0.01866308, 0.00000002],\n",
       "       [0.9561112 , 0.04388873, 0.00000007],\n",
       "       [0.98398175, 0.01601823, 0.00000002],\n",
       "       [0.94617027, 0.05382965, 0.00000009],\n",
       "       [0.98157531, 0.01842466, 0.00000003],\n",
       "       [0.99596144, 0.00403856, 0.        ],\n",
       "       [0.95186178, 0.04813798, 0.00000024],\n",
       "       [0.95161604, 0.04838375, 0.00000021],\n",
       "       [0.95097918, 0.04902074, 0.00000009],\n",
       "       [0.96933766, 0.03066225, 0.00000009],\n",
       "       [0.97464503, 0.02535494, 0.00000003],\n",
       "       [0.97705193, 0.02294806, 0.00000002],\n",
       "       [0.97097746, 0.02902248, 0.00000006],\n",
       "       [0.96393206, 0.03606787, 0.00000007],\n",
       "       [0.96448449, 0.03551545, 0.00000006],\n",
       "       [0.98829316, 0.01170684, 0.00000001],\n",
       "       [0.98895764, 0.01104235, 0.00000001],\n",
       "       [0.96835221, 0.03164774, 0.00000004],\n",
       "       [0.98443787, 0.01556212, 0.00000001],\n",
       "       [0.97862582, 0.02137417, 0.00000001],\n",
       "       [0.98674245, 0.01325754, 0.00000001],\n",
       "       [0.98569837, 0.01430161, 0.00000002],\n",
       "       [0.97381398, 0.02618599, 0.00000003],\n",
       "       [0.98646954, 0.01353045, 0.00000001],\n",
       "       [0.96164112, 0.03835881, 0.00000007],\n",
       "       [0.98891149, 0.0110885 , 0.00000001],\n",
       "       [0.97222175, 0.02777811, 0.00000014],\n",
       "       [0.9600769 , 0.03992287, 0.00000022],\n",
       "       [0.97354084, 0.02645912, 0.00000004],\n",
       "       [0.98016679, 0.01983318, 0.00000003],\n",
       "       [0.98317827, 0.01682171, 0.00000002],\n",
       "       [0.97835423, 0.02164575, 0.00000002],\n",
       "       [0.97841546, 0.02158452, 0.00000002],\n",
       "       [0.00212807, 0.87395335, 0.12391857],\n",
       "       [0.00582354, 0.85971996, 0.1344565 ],\n",
       "       [0.00106149, 0.72507208, 0.27386643],\n",
       "       [0.01541528, 0.93969731, 0.0448874 ],\n",
       "       [0.00237859, 0.81522397, 0.18239744],\n",
       "       [0.00698882, 0.86010558, 0.1329056 ],\n",
       "       [0.00377561, 0.716466  , 0.27975839],\n",
       "       [0.14775998, 0.84918642, 0.0030536 ],\n",
       "       [0.00277851, 0.89664749, 0.100574  ],\n",
       "       [0.04149361, 0.91189229, 0.0466141 ],\n",
       "       [0.05578308, 0.93775038, 0.00646653],\n",
