,date,users,walk-run_users,bike_users,acts,walk-run_acts,bike_acts,distance,walk-run_distance,bike_distance,duration,walk-run_duration,bike_duration,unique active users
0,2022-02-04,7692,6927,765,15169,12553,2616,67723,59761,7962,17360,16555,805,16922.4
1,2022-02-06,7654,7244,410,13469,11559,1910,65706,55287,10419,16553,15243,1310,16936.4
2,2022-02-07,7604,6694,910,14700,12832,1868,64576,60971,3605,17674,16922,752,16947.4
3,2022-02-08,7660,6882,778,15168,13055,2113,65657,62136,3521,18832,17214,1618,17018.4
4,2022-02-09,7894,7444,450,14767,12462,2305,66600,59570,7030,17696,16433,1263,17029.4
5,2022-02-10,7985,7217,768,15090,12171,2919,67952,57869,10083,18358,16050,2308,17100.4
6,2022-02-11,7886,6982,904,14966,12846,2120,68376,61084,7292,18052,16940,1112,17138.4
7,2022-02-12,7823,7195,628,13388,11236,2152,68583,53312,15271,16930,14815,2115,17163.4
8,2022-02-13,8007,7522,485,14500,11432,3068,67758,54357,13401,17421,15074,2347,17180.4
9,2022-02-14,8104,7686,418,15299,12290,3009,69184,58791,10393,17947,16211,1736,17234.4
10,2022-02-15,7887,7485,402,15292,12611,2681,66520,60344,6176,18065,16633,1432,17280.4
11,2022-02-16,7763,6961,802,15076,12483,2593,65626,59243,6383,19266,16466,2800,17336.4
12,2022-02-17,7737,7068,669,13197,11022,2175,67137,52391,14746,18487,14536,3951,17364.4
13,2022-02-18,7932,7205,727,13071,11176,1895,67472,53309,14163,20066,14737,5329,17438.4
14,2022-02-19,7797,6892,905,13743,10753,2990,66003,51476,14527,19644,14179,5465,17469.4
15,2022-02-20,7817,6929,888,15033,12113,2920,67189,57896,9293,17083,15973,1110,17481.4
16,2022-02-21,7685,6863,822,14561,12241,2320,64739,58360,6379,18459,16145,2314,17515.4
17,2022-02-22,7614,6945,669,12778,10344,2434,66530,49171,17359,17982,13644,4338,17538.4
18,2022-02-23,7512,6765,747,14100,11720,2380,65378,56132,9246,16755,15455,1300,17555.4
19,2022-02-24,7325,6986,339,13390,10552,2838,64307,50146,14161,16505,13918,2587,17570.4
20,2022-02-25,7511,7162,349,12341,10304,2037,64775,49020,15755,17745,13590,4155,17641.4
21,2022-02-26,7507,7007,500,12158,9624,2534,66161,46035,20126,17774,12692,5082,17682.4
22,2022-02-27,7559,6979,580,14319,12523,1796,64768,59702,5066,17250,16516,734,17712.4
23,2022-02-28,7553,6896,657,15025,12207,2818,64730,58522,6208,16430,16096,334,17787.4
24,2022-03-01,7805,6991,814,13651,11684,1967,67111,55711,11400,19174,15408,3766,17802.4
25,2022-03-02,7917,7520,397,14996,12445,2551,69674,59090,10584,18917,16413,2504,17873.4
26,2022-03-03,8143,7131,1012,14506,11436,3070,71664,54682,16982,18077,15082,2995,17928.4
27,2022-03-04,8078,7147,931,14700,11718,2982,70432,55566,14866,20193,15452,4741,17985.4
28,2022-03-05,7997,7542,455,15377,12864,2513,69383,61590,7793,17476,16967,509,18062.4
29,2022-03-06,8010,7555,455,15133,12615,2518,70229,60377,9852,18002,16640,1362,18106.4
30,2022-03-07,8155,7166,989,15805,13015,2790,69774,61898,7876,17967,17161,806,18177.4
31,2022-03-08,8140,7243,897,15758,12743,3015,69797,61079,8718,20163,16808,3355,18237.4
32,2022-03-09,8368,7497,871,16245,13102,3143,72595,62491,10104,19483,17282,2201,18278.4
33,2022-03-10,8585,7951,634,16961,14763,2198,75160,70778,4382,21044,19469,1575,18334.4
34,2022-03-11,8619,8157,462,15718,13575,2143,72836,64635,8201,21416,17902,3514,18352.4
35,2022-03-12,8744,8023,721,16127,13148,2979,75565,62873,12692,21273,17339,3934,18388.4
36,2022-03-13,8675,7919,756,14995,12907,2088,76236,61999,14237,19741,17020,2721,18466.4
37,2022-03-14,8424,7368,1056,14637,11719,2918,73252,55842,17410,19660,15452,4208,18517.4
38,2022-03-15,8489,7743,746,16219,13125,3094,72486,62597,9889,21021,17311,3710,18581.4
39,2022-03-16,8433,7817,616,13970,11861,2109,71568,56747,14821,20523,15642,4881,18627.4
40,2022-03-17,8527,7866,661,15498,12490,3008,73105,59656,13449,19874,16472,3402,18694.4
41,2022-03-18,8444,7977,467,13971,11985,1986,72702,57555,15147,18551,15809,2742,18735.4
42,2022-03-19,8339,7599,740,13826,11572,2254,71411,55087,16324,18372,15260,3112,18752.4
43,2022-03-20,8256,7477,779,13513,11686,1827,71058,55438,15620,19645,15409,4236,18828.4
44,2022-03-21,8184,7743,441,13893,11506,2387,69753,55010,14743,19567,15175,4392,18896.4
45,2022-03-22,8144,7691,453,13873,12144,1729,68912,57821,11091,19173,16016,3157,18919.4
46,2022-03-23,8284,7420,864,16433,13178,3255,71149,63015,8134,19733,17376,2357,18962.4
47,2022-03-24,8375,7440,935,15161,12472,2689,71322,59600,11722,19001,16448,2553,19029.4
48,2022-03-25,8643,8127,516,17166,14930,2236,74199,71752,2447,21316,19691,1625,19090.4
49,2022-03-26,8912,8045,867,15305,12745,2560,75319,61228,14091,21261,16805,4456,19111.4
50,2022-03-27,8719,8207,512,15122,13174,1948,74208,62684,11524,20434,17373,3061,19189.4
51,2022-03-28,8619,8055,564,15962,13009,2953,73630,62240,11390,20475,17154,3321,19245.4
52,2022-03-29,8757,8055,702,16507,13486,3021,75412,64419,10993,21913,17787,4126,19281.4
53,2022-03-30,8853,7892,961,15076,12214,2862,75106,57987,17119,20341,16110,4231,19324.4
54,2022-03-31,8986,8500,486,16882,14558,2324,77803,69795,8008,21524,19200,2324,19375.4
55,2022-04-01,9102,8019,1083,17009,13751,3258,79894,65663,14231,20727,18138,2589,19423.4
56,2022-04-02,9195,8206,989,16035,13201,2834,79175,63017,16158,22561,17407,5154,19458.4
57,2022-04-03,9408,8855,553,18428,15443,2985,80076,73621,6455,22004,20369,1635,19485.4
58,2022-04-04,9643,8779,864,16156,13676,2480,81824,65380,16444,23437,18038,5399,19552.4
59,2022-04-05,9496,8917,579,16956,14421,2535,81169,68958,12211,23261,19019,4242,19604.4
60,2022-04-06,9574,8581,993,17775,14743,3032,82236,70471,11765,21592,19447,2145,19638.4
61,2022-04-07,9417,8385,1032,18345,16118,2227,80425,76949,3476,20704,21261,-557,19689.4
62,2022-04-08,9148,8077,1071,15279,13165,2114,77557,62936,14621,19959,17363,2596,19714.4
63,2022-04-09,9025,8319,706,15173,13376,1797,77675,63774,13901,22411,17644,4767,19770.4
64,2022-04-10,9070,8344,726,16303,14418,1885,79126,69113,10013,22357,19017,3340,19804.4
65,2022-04-11,9090,8122,968,16362,13322,3040,78834,63747,15087,20687,17568,3119,19854.4
66,2022-04-12,9351,8278,1073,16957,14176,2781,79669,67972,11697,23185,18699,4486,19930.4
67,2022-04-13,9535,8783,752,18512,15847,2665,82815,75749,7066,22729,20899,1830,19958.4
68,2022-04-14,9400,8368,1032,16283,14287,1996,80098,68382,11716,23230,18840,4390,19981.4
69,2022-04-15,9325,8775,550,15467,13263,2204,81014,63504,17510,20819,17493,3326,20046.4
70,2022-04-16,9148,8035,1113,17556,14631,2925,80219,69994,10225,20392,19299,1093,20082.4
71,2022-04-17,8906,8190,716,16391,14142,2249,77259,67335,9924,19556,18649,907,20097.4
72,2022-04-18,8771,7870,901,17215,14507,2708,74176,69222,4954,20590,19135,1455,20135.4
73,2022-04-19,9014,7967,1047,16239,13795,2444,78456,65883,12573,20255,18190,2065,20206.4
74,2022-04-20,9218,8497,721,18163,15453,2710,78964,74283,4681,22409,20378,2031,20283.4
75,2022-04-21,8975,8417,558,15914,13817,2097,78814,66069,12745,19690,18219,1471,20361.4
76,2022-04-22,9089,8123,966,16469,14003,2466,77313,66933,10380,22044,18466,3578,20428.4
77,2022-04-23,9239,8186,1053,17539,14524,3015,79176,69166,10010,22594,19158,3436,20463.4
78,2022-04-24,8967,8184,783,16377,13978,2399,76711,66565,10146,21918,18432,3486,20507.4
79,2022-04-25,8961,8436,525,16037,13681,2356,75928,65516,10412,20370,18044,2326,20564.4
80,2022-04-26,9079,8163,916,16826,14205,2621,77832,68148,9684,22098,18735,3363,20575.4
81,2022-04-27,8920,7818,1102,14831,11833,2998,75873,56183,19690,22081,15607,6474,20642.4
82,2022-04-28,9047,8283,764,17012,14937,2075,78407,71385,7022,20203,19703,500,20685.4
83,2022-04-29,8846,7880,966,16198,14279,1919,76191,67958,8233,21236,18831,2405,20721.4
84,2022-04-30,8677,7837,840,16124,13573,2551,74837,65101,9736,18840,17903,937,20735.4
85,2022-05-01,8614,7819,795,15677,13234,2443,72973,63309,9664,20228,17454,2774,20795.4
86,2022-05-02,8449,7935,514,16716,14215,2501,71943,67804,4139,20131,18747,1384,20847.4
87,2022-05-03,8420,7630,790,14038,11730,2308,71239,56052,15187,19137,15466,3671,20889.4
88,2022-05-04,8346,7574,772,14960,13023,1937,71950,62600,9350,19372,17173,2199,20942.4
89,2022-05-05,8517,7994,523,16206,14016,2190,72669,67365,5304,20751,18486,2265,21009.4
90,2022-05-06,8663,7759,904,16119,14199,1920,75346,68235,7111,21511,18724,2787,21023.4
91,2022-05-07,8566,7724,842,16272,13953,2319,75162,66494,8668,20855,18405,2450,21041.4
92,2022-05-08,8708,7810,898,15185,12049,3136,74637,57901,16736,20513,15892,4621,21071.4
93,2022-05-09,8658,8012,646,14259,11698,2561,75169,56063,19106,20318,15429,4889,21083.4
94,2022-05-10,8761,7679,1082,15988,13894,2094,77000,66564,10436,20601,18325,2276,21128.4
95,2022-05-11,8608,7928,680,15919,12747,3172,74637,60947,13690,19402,16814,2588,21197.4
96,2022-05-12,8539,8084,455,15230,12156,3074,74061,58229,15832,20599,16034,4565,21222.4
97,2022-05-13,8433,7747,686,14924,12889,2035,71464,61402,10062,21005,16996,4009,21288.4
98,2022-05-14,8677,7998,679,16903,13839,3064,75891,66058,9833,19969,18251,1718,21361.4
99,2022-05-15,8533,7622,911,14880,12300,2580,73444,58445,14999,19347,16224,3123,21414.4
100,2022-05-16,8662,7592,1070,16452,14481,1971,75523,69435,6088,20891,19095,1796,21456.4
101,2022-05-17,8468,7698,770,16608,14255,2353,72970,68011,4959,19054,18799,255,21481.4
102,2022-05-18,8506,7610,896,14492,11976,2516,72847,57504,15343,18919,15794,3125,21546.4
103,2022-05-19,8253,7643,610,14022,11173,2849,70700,53577,17123,20222,14732,5490,21595.4
104,2022-05-20,8104,7473,631,14571,12139,2432,71050,58326,12724,20154,16011,4143,21673.4
105,2022-05-21,8242,7727,515,15835,13932,1903,71769,66608,5161,18402,18374,28,21703.4
106,2022-05-22,8220,7568,652,16306,13237,3069,70876,63207,7669,19145,17454,1691,21764.4
107,2022-05-23,8041,7163,878,13641,10896,2745,68579,52026,16553,18921,14366,4555,21842.4
108,2022-05-24,7857,7387,470,15767,13697,2070,68011,65657,2354,18873,18063,810,21867.4
109,2022-05-25,7698,7333,365,13241,11659,1582,65627,55520,10107,17279,15377,1902,21932.4
110,2022-05-26,7892,7294,598,14876,12600,2276,68182,59897,8285,19586,16619,2967,21969.4
111,2022-05-27,8127,7551,576,14795,12812,1983,69066,61317,7749,18651,16894,1757,22008.4
112,2022-05-28,8168,7303,865,16117,14074,2043,71463,67385,4078,20287,18563,1724,22063.4
113,2022-05-29,8209,7325,884,16319,13758,2561,70910,65662,5248,19290,18145,1145,22114.4
114,2022-05-30,8126,7262,864,15844,13466,2378,70549,64597,5952,19737,17758,1979,22155.4
115,2022-05-31,8373,7531,842,14471,11478,2993,72073,54851,17222,18465,15135,3330,22209.4
116,2022-06-01,8164,7529,635,13999,12188,1811,69430,58400,11030,17990,16070,1920,22240.4
117,2022-06-02,8362,7748,614,16479,13981,2498,73324,66693,6631,20412,18441,1971,22282.4
118,2022-06-03,8574,7919,655,14944,12913,2031,74894,61505,13389,18625,17027,1598,22325.4
119,2022-06-04,8638,7803,835,15517,12777,2740,74712,61151,13561,21525,16852,4673,22398.4
120,2022-06-05,8577,7639,938,14544,12693,1851,73287,60610,12677,21219,16742,4477,22435.4
121,2022-06-06,8610,8143,467,16934,14643,2291,73260,69838,3422,21372,19309,2063,22446.4
122,2022-06-07,8811,7916,895,17044,14044,3000,74464,67169,7295,21670,18523,3147,22489.4
123,2022-06-08,9073,8478,595,16449,13214,3235,79589,63446,16143,22423,17429,4994,22520.4
124,2022-06-09,8883,8264,619,15234,12385,2849,77492,59243,18249,20845,16333,4512,22547.4
125,2022-06-10,8955,8046,909,17491,14938,2553,77261,71715,5546,21117,19702,1415,22565.4
126,2022-06-11,8854,8260,594,15067,12590,2477,77278,60127,17151,22081,16601,5480,22600.4
127,2022-06-12,8904,7845,1059,17444,14089,3355,75291,67063,8228,20437,18582,1855,22663.4
128,2022-06-13,8971,8416,555,17735,14904,2831,77551,71282,6269,22404,19658,2746,22695.4
129,2022-06-14,9152,8118,1034,15690,13510,2180,77817,64372,13445,20966,17814,3152,22733.4
130,2022-06-15,9397,8336,1061,15923,13381,2542,81436,63880,17556,21615,17646,3969,22791.4
131,2022-06-16,9666,8673,993,18099,15600,2499,84158,74504,9654,23327,20573,2754,22811.4
132,2022-06-17,9923,8981,942,19453,17075,2378,84065,81584,2481,22594,22518,76,22833.4
133,2022-06-18,9683,8661,1022,17911,15361,2550,83094,73857,9237,21223,20259,964,22869.4
134,2022-06-19,9954,8868,1086,17086,14071,3015,84955,67278,17677,23357,18555,4802,22884.4
135,2022-06-20,9933,8758,1175,18893,15596,3297,85291,74828,10463,21942,20567,1375,22914.4
136,2022-06-21,9674,8900,774,16074,13459,2615,82806,64282,18524,21583,17753,3830,22967.4
137,2022-06-22,9570,8605,965,16531,13493,3038,83881,64367,19514,23095,17798,5297,22977.4
138,2022-06-23,9514,8928,586,17940,15131,2809,81748,72643,9105,23734,19957,3777,23027.4
139,2022-06-24,9295,8205,1090,17024,14416,2608,81610,69306,12304,20435,19011,1424,23045.4
140,2022-06-25,9516,8925,591,17722,14441,3281,81602,69222,12380,23759,19044,4715,23119.4
141,2022-06-26,9599,8463,1136,18062,15877,2185,84226,75896,8330,23326,20941,2385,23143.4
142,2022-06-27,9349,8395,954,16449,14298,2151,81086,68252,12834,21146,18854,2292,23190.4
143,2022-06-28,9514,8709,805,16736,14251,2485,83300,67875,15425,21357,18795,2562,23203.4
144,2022-06-29,9561,8495,1066,17648,14689,2959,82305,70622,11683,21614,19371,2243,23256.4
145,2022-06-30,9529,8641,888,15999,14054,1945,83533,66884,16649,22257,18536,3721,23331.4
146,2022-07-01,9602,8737,865,16919,13704,3215,83717,65583,18134,23564,18072,5492,23394.4
147,2022-07-02,9686,8732,954,16708,14259,2449,84180,68148,16032,23777,18805,4972,23472.4
148,2022-07-03,9614,8585,1029,18358,14904,3454,83976,71500,12476,23054,19658,3396,23526.4
149,2022-07-04,9375,8817,558,17873,14870,3003,80481,71328,9153,21111,19609,1502,23574.4
150,2022-07-05,9423,8841,582,17401,14848,2553,82652,71248,11404,23167,19580,3587,23640.4
151,2022-07-06,9187,8289,898,17866,15198,2668,79042,72977,6065,20194,20046,148,23710.4
152,2022-07-07,9102,8215,887,16624,13812,2812,78523,66272,12251,22588,18214,4374,23786.4
153,2022-07-08,9367,8247,1120,18403,15923,2480,81695,76257,5438,20779,21000,-221,23848.4
154,2022-07-09,9379,8228,1151,16707,14260,2447,81723,68422,13301,21563,18808,2755,23900.4
155,2022-07-10,9124,8416,708,16035,12986,3049,78193,61956,16237,22719,17129,5590,23931.4
156,2022-07-11,8989,8293,696,15694,12949,2745,78381,61644,16737,21294,17076,4218,23960.4
157,2022-07-12,9156,8186,970,17624,14387,3237,78538,68651,9887,20005,18972,1033,24022.4
158,2022-07-13,8927,8121,806,16067,13245,2822,76636,63625,13011,21374,17465,3909,24051.4
159,2022-07-14,8948,8423,525,16945,14664,2281,78376,69955,8421,21508,19342,2166,24078.4
160,2022-07-15,8949,8084,865,16865,14418,2447,78376,69320,9056,20763,19017,1746,24118.4
161,2022-07-16,9128,8328,800,17274,15061,2213,79477,71731,7746,20445,19861,584,24144.4
162,2022-07-17,9127,8170,957,16156,13327,2829,77839,63522,14317,22705,17579,5126,24192.4
163,2022-07-18,8979,8432,547,17605,15335,2270,78079,73600,4479,21685,20226,1459,24264.4
164,2022-07-19,9059,8307,752,16494,13981,2513,77994,66544,11450,19981,18441,1540,24334.4
165,2022-07-20,9360,8592,768,16026,13441,2585,79486,64241,15245,21999,17724,4275,24405.4
166,2022-07-21,9487,8381,1106,17090,15117,1973,81861,72213,9648,22671,19935,2736,24442.4
167,2022-07-22,9265,8218,1047,16736,14778,1958,80918,70638,10280,20730,19490,1240,24500.4
168,2022-07-23,9320,8802,518,16561,14358,2203,81736,69031,12705,20832,18938,1894,24523.4
169,2022-07-24,9060,8432,628,16919,14270,2649,78118,68314,9804,20191,18821,1370,24592.4
170,2022-07-25,9134,8242,892,15118,12413,2705,78540,59641,18899,22180,16368,5812,24606.4
171,2022-07-26,9072,8194,878,16840,14192,2648,77154,67952,9202,22158,18719,3439,24669.4
172,2022-07-27,8949,7906,1043,15473,12306,3167,77810,59016,18794,19724,16229,3495,24691.4
173,2022-07-28,8710,8156,554,14368,11914,2454,76436,57093,19343,19736,15715,4021,24720.4
174,2022-07-29,8792,8259,533,14955,12287,2668,75596,58673,16923,21531,16201,5330,24742.4
175,2022-07-30,8614,7720,894,15021,12961,2060,74599,62045,12554,21117,17093,4024,24815.4
176,2022-07-31,8417,7821,596,14156,11540,2616,72158,55412,16746,18531,15218,3313,24833.4
177,2022-08-01,8658,7665,993,15339,12679,2660,73498,60590,12908,21478,16719,4759,24855.4
178,2022-08-02,8880,8342,538,15132,12120,3012,77033,57602,19431,20433,15981,4452,24932.4
179,2022-08-03,9022,8420,602,15581,13111,2470,78463,62881,15582,21431,17289,4142,25008.4
180,2022-08-04,9019,8056,963,16241,14362,1879,76960,68657,8303,20479,18941,1538,25029.4
181,2022-08-05,8754,8223,531,17361,14690,2671,75855,69938,5917,20549,19374,1175,25089.4
182,2022-08-06,8881,7979,902,15248,12964,2284,75248,61978,13270,19527,17094,2433,25129.4
183,2022-08-07,9072,8106,966,16148,13484,2664,77454,64250,13204,22082,17781,4301,25142.4
184,2022-08-08,9184,8418,766,17215,14602,2613,78594,69483,9111,21365,19257,2108,25170.4
185,2022-08-09,8960,8203,757,15666,12635,3031,77200,60502,16698,20125,16660,3465,25220.4
186,2022-08-10,9125,8100,1025,17404,15211,2193,77358,72956,4402,20634,20060,574,25252.4
187,2022-08-11,9152,8141,1011,17950,15359,2591,80082,73329,6753,21135,20260,875,25270.4
188,2022-08-12,9345,8600,745,16951,14260,2691,81282,68006,13276,22690,18806,3884,25309.4
189,2022-08-13,9531,8384,1147,18200,15707,2493,82489,74850,7639,21129,20718,411,25328.4
190,2022-08-14,9308,8484,824,17779,14497,3282,79506,69521,9985,21042,19117,1925,25349.4
191,2022-08-15,9031,8348,683,17213,14903,2310,77359,71290,6069,21220,19652,1568,25391.4
192,2022-08-16,8987,8174,813,15513,13036,2477,78133,61921,16212,21607,17192,4415,25415.4
193,2022-08-17,9098,8579,519,15975,13016,2959,78683,62153,16530,21044,17166,3878,25436.4
194,2022-08-18,9093,8051,1042,17985,15823,2162,77287,76048,1239,19846,20871,-1025,25479.4
195,2022-08-19,9385,8240,1145,17701,15330,2371,82312,73577,8735,21897,20216,1681,25556.4
196,2022-08-20,9444,8422,1022,16048,13199,2849,82558,62718,19840,20711,17406,3305,25589.4
197,2022-08-21,9201,8537,664,16764,14113,2651,80048,67815,12233,22228,18615,3613,25629.4
198,2022-08-22,9382,8285,1097,17885,14781,3104,80223,70908,9315,21921,19493,2428,25641.4
199,2022-08-23,9437,8303,1134,18077,15675,2402,80565,74818,5747,22318,20673,1645,25703.4
200,2022-08-24,9265,8663,602,15637,13414,2223,80238,64293,15945,22195,17694,4501,25749.4
201,2022-08-25,9152,8218,934,17684,15606,2078,79901,74578,5323,20465,20582,-117,25784.4
202,2022-08-26,9158,8531,627,15695,13080,2615,80382,62755,17627,22251,17250,5001,25850.4
203,2022-08-27,9158,8495,663,17462,14785,2677,78035,70878,7157,20075,19502,573,25924.4
204,2022-08-28,8879,8388,491,15231,12567,2664,76810,59955,16855,21149,16572,4577,26002.4
205,2022-08-29,8695,7636,1059,16332,14223,2109,75552,67810,7742,20909,18756,2153,26045.4
206,2022-08-30,8445,7805,640,15005,12407,2598,73051,59551,13500,18749,16361,2388,26075.4
207,2022-08-31,8366,7518,848,14570,12186,2384,71739,58017,13722,19397,16069,3328,26110.4
208,2022-09-01,8304,7265,1039,15442,12987,2455,72627,62315,10312,19637,17126,2511,26122.4
209,2022-09-02,8235,7254,981,16425,13897,2528,71965,66356,5609,19601,18325,1276,26174.4
210,2022-09-03,8485,7540,945,15843,13102,2741,74443,62897,11546,19323,17281,2042,26188.4
211,2022-09-04,8262,7322,940,16413,14213,2200,72665,68283,4382,19889,18746,1143,26240.4
212,2022-09-05,8182,7315,867,16302,13823,2479,69148,66254,2894,18608,18233,375,26268.4
213,2022-09-06,8206,7245,961,16405,13920,2485,69663,66500,3163,18450,18357,93,26332.4
214,2022-09-07,8406,7692,714,16567,14360,2207,71942,68675,3267,19147,18940,207,26344.4
215,2022-09-08,8520,7634,886,15405,13007,2398,71978,62463,9515,19678,17154,2524,26374.4
216,2022-09-09,8744,7833,911,14574,12340,2234,74841,59137,15704,19739,16277,3462,26402.4
217,2022-09-10,8892,7931,961,17536,15056,2480,77989,72338,5651,21609,19855,1754,26443.4
218,2022-09-11,8944,8023,921,16368,13916,2452,77495,66248,11247,20775,18356,2419,26483.4
219,2022-09-12,9167,8658,509,16022,13390,2632,80065,63752,16313,20226,17659,2567,26509.4
220,2022-09-13,9288,8199,1089,15467,12581,2886,78716,60332,18384,22412,16593,5819,26523.4
221,2022-09-14,9032,8120,912,15710,13520,2190,76451,64675,11776,21441,17833,3608,26578.4
222,2022-09-15,9257,8373,884,15707,12537,3170,78394,60133,18261,21434,16532,4902,26641.4
223,2022-09-16,9506,8506,1000,16549,14456,2093,82104,68987,13117,23079,19066,4013,26712.4
224,2022-09-17,9217,8566,651,15532,12635,2897,80100,60589,19511,22487,16665,5822,26777.4
225,2022-09-18,9514,8350,1164,16381,14265,2116,83431,68455,14976,22332,18814,3518,26818.4
226,2022-09-19,9798,8674,1124,18422,14967,3455,85425,71235,14190,22306,19741,2565,26892.4
227,2022-09-20,9758,9070,688,16289,13062,3227,84165,62479,21686,22975,17223,5752,26914.4
228,2022-09-21,9857,9001,856,17540,14183,3357,84197,67902,16295,22371,18702,3669,26949.4
229,2022-09-22,9787,9162,625,16369,14273,2096,85154,68150,17004,23463,18826,4637,27012.4
230,2022-09-23,9658,8620,1038,18285,15916,2369,82610,76466,6144,21521,20993,528,27084.4
231,2022-09-24,9434,8852,582,17488,14603,2885,82610,70117,12493,23587,19256,4331,27112.4
232,2022-09-25,9153,8417,736,15461,13013,2448,79135,61850,17285,20901,17160,3741,27132.4
233,2022-09-26,9363,8738,625,16286,13037,3249,79935,62280,17655,21341,17195,4146,27145.4
234,2022-09-27,9541,8562,979,18672,15624,3048,82618,74687,7931,21652,20607,1045,27201.4
235,2022-09-28,9493,8415,1078,16367,13724,2643,83074,65709,17365,21159,18101,3058,27218.4
236,2022-09-29,9709,8958,751,16799,13640,3159,83458,65500,17958,22023,17989,4034,27264.4
237,2022-09-30,9725,8585,1140,18240,15505,2735,82329,74561,7768,23316,20448,2868,27306.4
238,2022-10-01,9620,8549,1071,16551,14171,2380,81917,67452,14465,23366,18691,4675,27382.4
239,2022-10-02,9403,8498,905,17483,15033,2450,82318,71616,10702,21727,19830,1897,27425.4
240,2022-10-03,9479,8636,843,17218,14689,2529,80398,70203,10195,22740,19373,3367,27479.4
241,2022-10-04,9743,8687,1056,17246,15167,2079,84064,72334,11730,22763,20001,2762,27498.4
242,2022-10-05,9768,8592,1176,17994,15686,2308,84988,75322,9666,21428,20688,740,27576.4
243,2022-10-06,9681,8847,834,16963,13829,3134,82563,66126,16437,23242,18237,5005,27605.4
244,2022-10-07,9946,8858,1088,19455,17181,2274,85032,82594,2438,24211,22657,1554,27662.4
245,2022-10-08,9716,8833,883,18204,15666,2538,84795,75121,9674,24101,20663,3438,27680.4
246,2022-10-09,9693,8694,999,18433,14977,3456,84900,71950,12950,21255,19751,1504,27743.4
247,2022-10-10,9806,9049,757,17334,15161,2173,83435,72822,10613,23031,19997,3034,27764.4
248,2022-10-11,9611,8487,1124,17454,15147,2307,84021,72749,11272,22929,19974,2955,27813.4
249,2022-10-12,9595,8598,997,18403,15472,2931,81847,74228,7619,22027,20408,1619,27838.4
250,2022-10-13,9503,8522,981,16162,13247,2915,81026,63525,17501,21703,17472,4231,27907.4
251,2022-10-14,9449,8389,1060,16500,13271,3229,81654,63466,18188,21576,17503,4073,27954.4
252,2022-10-15,9697,8875,822,18075,15417,2658,82739,73821,8918,22937,20330,2607,28001.4
253,2022-10-16,10007,9034,973,18076,14661,3415,85889,69908,15981,24211,19336,4875,28031.4
254,2022-10-17,10249,9038,1211,19455,16074,3381,87108,77295,9813,25147,21197,3950,28105.4
255,2022-10-18,10475,9608,867,19202,16024,3178,90258,76637,13621,25136,21133,4003,28153.4
256,2022-10-19,10204,9374,830,17441,15058,2383,86749,72006,14743,25356,19857,5499,28218.4
257,2022-10-20,10447,9698,749,19025,15724,3301,89558,75245,14313,25602,20735,4867,28265.4
258,2022-10-21,10204,9207,997,18794,15842,2952,87756,75557,12199,23335,20896,2439,28321.4
259,2022-10-22,10066,8940,1126,19465,17042,2423,85565,81601,3964,23210,22474,736,28340.4
260,2022-10-23,10169,9348,821,19398,16667,2731,87840,80178,7662,24910,21980,2930,28383.4
261,2022-10-24,10174,9001,1173,18251,15247,3004,86884,73046,13838,23420,20108,3312,28404.4
262,2022-10-25,10118,9381,737,17522,14345,3177,88432,68444,19988,24444,18920,5524,28421.4
263,2022-10-26,10148,8952,1196,17199,14573,2626,86500,69956,16544,24859,19218,5641,28498.4
264,2022-10-27,9943,8920,1023,18126,15089,3037,85978,72099,13879,22226,19903,2323,28538.4
265,2022-10-28,9878,9038,840,17591,14961,2630,84654,71482,13172,22516,19731,2785,28586.4
266,2022-10-29,10074,9323,751,18309,15903,2406,85662,76011,9651,22880,20972,1908,28642.4
267,2022-10-30,10248,9283,965,19907,17504,2403,88482,84042,4440,24809,23084,1725,28705.4
268,2022-10-31,10501,9512,989,18148,15571,2577,91955,74455,17500,25187,20534,4653,28723.4
269,2022-11-01,10641,9977,664,19434,16087,3347,92158,77130,15028,23773,21217,2556,28800.4
270,2022-11-02,10868,10113,755,18552,15238,3314,93920,72901,21019,26625,20094,6531,28847.4
271,2022-11-03,10805,9661,1144,18403,15677,2726,92151,74884,17267,24866,20673,4193,28882.4
272,2022-11-04,10685,9613,1072,20289,16984,3305,91696,81366,10330,26324,22402,3922,28953.4
273,2022-11-05,10471,9768,703,20094,17002,3092,91133,81606,9527,25376,22423,2953,29009.4
274,2022-11-06,10340,9668,672,17604,15130,2474,90493,72273,18220,24902,19953,4949,29029.4
275,2022-11-07,10516,9354,1162,20487,18111,2376,92122,86635,5487,24998,23887,1111,29068.4
276,2022-11-08,10669,9871,798,20251,17574,2677,91933,83957,7976,25876,23177,2699,29127.4
277,2022-11-09,10539,9271,1268,19700,17022,2678,90753,81518,9235,24231,22449,1782,29152.4
278,2022-11-10,10308,9685,623,18263,15952,2311,89003,76105,12898,24710,21037,3673,29187.4
279,2022-11-11,10566,9447,1119,18241,14964,3277,91184,71734,19450,26153,19734,6419,29221.4
280,2022-11-12,10727,9708,1019,18246,16156,2090,92769,77129,15640,26358,21309,5049,29241.4
281,2022-11-13,10742,9913,829,18116,14891,3225,91273,71359,19914,24128,19641,4487,29307.4
282,2022-11-14,10863,9957,906,20754,17465,3289,93854,83423,10431,26598,23033,3565,29360.4
283,2022-11-15,11032,10262,770,21180,17983,3197,95358,86457,8901,26133,23718,2415,29394.4
284,2022-11-16,11320,10300,1020,21288,18201,3087,97190,87375,9815,26774,24007,2767,29420.4
285,2022-11-17,11481,10346,1135,20190,17535,2655,97550,83995,13555,26561,23129,3432,29449.4
286,2022-11-18,11667,10836,831,21203,18623,2580,100445,89028,11417,27992,24560,3432,29501.4
287,2022-11-19,11347,10364,983,22098,19260,2838,99031,92569,6462,26612,25401,1211,29553.4
288,2022-11-20,11032,10095,937,18706,15489,3217,96203,74232,21971,25845,20426,5419,29616.4
289,2022-11-21,10853,9572,1281,19980,17669,2311,94783,84709,10074,24874,23306,1568,29625.4
290,2022-11-22,10583,9772,811,18202,15560,2642,90243,74167,16076,23558,20520,3038,29648.4
291,2022-11-23,10705,9655,1050,19607,16199,3408,92966,77784,15182,26405,21366,5039,29719.4
292,2022-11-24,11052,10259,793,19369,16935,2434,94928,81450,13478,24604,22338,2266,29728.4
293,2022-11-25,11185,10212,973,18979,16758,2221,95956,79952,16004,25890,22104,3786,29802.4
294,2022-11-26,11393,10638,755,21222,18387,2835,97664,88049,9615,26521,24248,2273,29872.4
295,2022-11-27,11455,10208,1247,20463,16944,3519,99699,81053,18646,26854,22348,4506,29948.4
296,2022-11-28,11349,10417,932,20755,17412,3343,99185,83473,15712,26046,22967,3079,30012.4
297,2022-11-29,11533,10420,1113,19650,16927,2723,100048,80759,19289,28183,22326,5857,30071.4
298,2022-11-30,11461,10378,1083,21582,18583,2999,98614,89211,9403,26191,24508,1683,30114.4
299,2022-12-01,11211,10256,955,20033,17527,2506,96126,83915,12211,26937,23116,3821,30173.4
300,2022-12-02,11435,10311,1124,19473,16459,3014,99931,78888,21043,26084,21709,4375,30239.4
301,2022-12-03,11417,10504,913,21857,18208,3649,97692,87354,10338,27390,24013,3377,30311.4
302,2022-12-04,11599,10497,1102,21058,17650,3408,101329,84790,16539,26490,23277,3213,30381.4
303,2022-12-05,11546,10275,1271,19535,16981,2554,100175,81181,18994,27079,22394,4685,30409.4
304,2022-12-06,11364,10204,1160,19313,17065,2248,97599,81373,16226,26910,22507,4403,30454.4
305,2022-12-07,11158,9852,1306,19983,16635,3348,97494,79309,18185,24745,21940,2805,30516.4
306,2022-12-08,11363,10011,1352,19641,17343,2298,96491,83044,13447,25617,22875,2742,30574.4
307,2022-12-09,11079,10314,765,20880,17638,3242,94804,84542,10262,25953,23265,2688,30629.4
308,2022-12-10,10885,9760,1125,18768,15836,2932,93981,76180,17801,25307,20887,4420,30676.4
309,2022-12-11,10719,9528,1191,18158,14724,3434,93266,70550,22716,26342,19418,6924,30747.4
310,2022-12-12,10724,9602,1122,18837,16641,2196,91772,79401,12371,24300,21947,2353,30808.4
311,2022-12-13,10605,9595,1010,19876,16665,3211,92794,80062,12732,25012,21977,3035,30870.4
312,2022-12-14,10537,9838,699,20266,17419,2847,90919,83777,7142,24617,22974,1643,30942.4
313,2022-12-15,10427,9582,845,18156,15371,2785,90641,73940,16701,24920,20274,4646,30959.4
314,2022-12-16,10631,9366,1265,19342,16265,3077,91769,77701,14068,25672,21455,4217,31022.4
315,2022-12-17,10616,9378,1238,18813,15523,3290,92205,74136,18069,24577,20474,4103,31033.4
316,2022-12-18,10354,9597,757,18509,15733,2776,90420,75555,14865,23111,20751,2360,31109.4
317,2022-12-19,10561,9380,1181,20603,17253,3350,90315,82934,7381,25673,22758,2915,31135.4
318,2022-12-20,10652,9628,1024,19365,16002,3363,93054,76234,16820,25861,21104,4757,31178.4
319,2022-12-21,10503,9353,1150,19179,16932,2247,91085,81195,9890,25906,22334,3572,31201.4
320,2022-12-22,10232,9178,1054,18487,15378,3109,87256,73289,13967,24957,20282,4675,31242.4
321,2022-12-23,10532,9362,1170,19100,16931,2169,89303,81436,7867,23363,22330,1033,31306.4
322,2022-12-24,10710,9681,1029,19987,17424,2563,91248,83184,8064,25599,22978,2621,31367.4
323,2022-12-25,10457,9791,666,20484,17905,2579,88975,85452,3523,25615,23619,1996,31382.4
324,2022-12-26,10688,9744,944,19065,16692,2373,91548,80141,11407,24357,22015,2342,31412.4
325,2022-12-27,10453,9398,1055,18593,16225,2368,91401,77459,13942,25415,21396,4019,31450.4
326,2022-12-28,10695,9722,973,18463,15579,2884,91371,74793,16578,25144,20544,4600,31500.4
327,2022-12-29,10633,9767,866,18904,16327,2577,91643,77907,13736,25767,21532,4235,31512.4
328,2022-12-30,10446,9505,941,18861,16571,2290,89329,78994,10335,25272,21858,3414,31589.4
329,2022-12-31,10537,9389,1148,19079,16313,2766,90693,78031,12662,26212,21516,4696,31654.4
330,2023-01-01,10390,9520,870,18180,15902,2278,89271,76139,13132,23365,20971,2394,31694.4
331,2023-01-02,10613,9482,1131,19249,16956,2293,90507,81265,9242,24868,22361,2507,31718.4
332,2023-01-03,10312,9400,912,17343,14746,2597,88017,70923,17094,22924,19447,3477,31754.4
333,2023-01-04,10155,9111,1044,18272,16018,2254,88049,76501,11548,22861,21128,1733,31780.4
334,2023-01-05,10284,9486,798,17864,15290,2574,89009,73410,15599,23175,20166,3009,31804.4
335,2023-01-06,10410,9459,951,19909,17058,2851,89209,81640,7569,24775,22495,2280,31846.4
336,2023-01-07,10151,9316,835,19807,17559,2248,88478,84210,4268,24699,23159,1540,31856.4
337,2023-01-08,9948,9025,923,18589,15849,2740,86304,76226,10078,23807,20904,2903,31907.4
338,2023-01-09,10273,9623,650,19648,17263,2385,87514,82903,4611,23049,22769,280,31984.4
339,2023-01-10,10475,9727,748,18442,15819,2623,91171,75697,15474,24053,20866,3187,32040.4
340,2023-01-11,10372,9519,853,18817,16466,2351,90334,79020,11314,24022,21714,2308,32066.4
341,2023-01-12,10426,9694,732,18853,16284,2569,88384,77831,10553,25890,21480,4410,32084.4
342,2023-01-13,10696,9687,1009,18361,16186,2175,91173,77205,13968,25567,21349,4218,32109.4
343,2023-01-14,10910,10182,728,19730,16674,3056,92758,80142,12616,24601,21993,2608,32154.4
344,2023-01-15,10592,9390,1202,20464,17311,3153,92752,82803,9949,23883,22833,1050,32212.4
345,2023-01-16,10825,9650,1175,21070,17351,3719,92400,82966,9434,25521,22882,2639,32258.4
346,2023-01-17,10655,9755,900,20534,17831,2703,90658,85648,5010,23517,23520,-3,32280.4
347,2023-01-18,10958,10112,846,20738,17407,3331,95588,83583,12005,25668,22961,2707,32346.4
348,2023-01-19,11274,9975,1299,19796,16629,3167,96352,79738,16614,27018,21929,5089,32398.4
349,2023-01-20,11547,10386,1161,22439,19178,3261,99922,91863,8059,27777,25295,2482,32444.4
350,2023-01-21,11227,10490,737,21527,18497,3030,98149,88466,9683,27254,24397,2857,32519.4
351,2023-01-22,11337,10254,1083,21600,18972,2628,98596,91047,7549,26677,25020,1657,32580.4
352,2023-01-23,11276,10367,909,19236,16987,2249,97252,81703,15549,25516,22405,3111,32651.4
353,2023-01-24,11123,9809,1314,21129,18140,2989,95948,86934,9014,25928,23923,2005,32671.4
354,2023-01-25,11381,10101,1280,20070,17476,2594,97448,83431,14017,25205,23053,2152,32734.4
355,2023-01-26,11631,10486,1145,21424,18146,3278,99017,87243,11774,28372,23935,4437,32757.4
356,2023-01-27,11414,10120,1294,20631,17578,3053,98226,84013,14213,26921,23186,3735,32817.4
357,2023-01-28,11427,10080,1347,19445,16600,2845,99164,79340,19824,28074,21893,6181,32831.4
358,2023-01-29,11089,10309,780,20926,18207,2719,96564,87096,9468,25056,24016,1040,32877.4
359,2023-01-30,10907,10229,678,18614,15595,3019,94984,74703,20281,24855,20565,4290,32906.4
360,2023-01-31,10890,9600,1290,20283,16871,3412,95131,80432,14699,26279,22249,4030,32945.4
361,2023-02-01,11188,10407,781,19256,15990,3266,97033,76414,20619,24972,21092,3880,33015.4
362,2023-02-02,11062,10009,1053,18938,16660,2278,95487,79932,15555,24479,21971,2508,33058.4
363,2023-02-03,10758,9517,1241,20770,17123,3647,93991,81781,12210,26230,22581,3649,33103.4
364,2023-02-04,10950,10028,922,21216,18548,2668,93960,89038,4922,25431,24462,969,33151.4
365,2023-02-05,10667,9389,1278,17994,15124,2870,90871,72487,18384,26256,19946,6310,33218.4
366,2023-02-06,10741,9692,1049,20860,17634,3226,93558,84139,9419,24494,23257,1237,33251.4
367,2023-02-07,10646,9645,1001,20655,17518,3137,90815,83912,6903,24807,23105,1702,33294.4
368,2023-02-08,10529,9604,925,18684,16153,2531,91062,77093,13969,24085,21302,2783,33331.4
369,2023-02-09,10456,9378,1078,17965,14563,3402,90092,69632,20460,23656,19210,4446,33379.4
370,2023-02-10,10198,8964,1234,18535,16073,2462,89152,77149,12003,22492,21196,1296,33416.4
371,2023-02-11,10517,9842,675,19142,16806,2336,91746,80480,11266,25128,22166,2962,33474.4
372,2023-02-12,10710,9847,863,18379,15079,3300,91787,72291,19496,25552,19889,5663,33490.4
373,2023-02-13,10857,9692,1165,18268,15052,3216,92250,71998,20252,24992,19853,5139,33560.4
374,2023-02-14,10892,9790,1102,20084,16916,3168,93937,81295,12642,26757,22312,4445,33611.4
375,2023-02-15,11102,10244,858,19435,16698,2737,96368,80157,16211,26649,22021,4628,33630.4
376,2023-02-16,11322,10037,1285,20122,17665,2457,98440,84675,13765,27772,23296,4476,33697.4
377,2023-02-17,11187,10433,754,19248,16635,2613,95215,79586,15629,27090,21940,5150,33713.4
378,2023-02-18,10969,10279,690,19328,15910,3418,93805,75811,17994,26708,20985,5723,33778.4
379,2023-02-19,10871,10050,821,18474,15558,2916,94033,74344,19689,26486,20520,5966,33832.4
380,2023-02-20,11178,9849,1329,18890,16645,2245,95581,79904,15677,27146,21952,5194,33842.4
381,2023-02-21,11483,10297,1186,20289,16856,3433,97952,80435,17517,27807,22233,5574,33903.4
382,2023-02-22,11253,10071,1182,21130,18344,2786,98283,88114,10169,26015,24198,1817,33954.4
383,2023-02-23,11210,10330,880,21374,18451,2923,96328,88455,7873,27705,24336,3369,33975.4
384,2023-02-24,11372,10429,943,20211,17274,2937,97403,83050,14353,26312,22786,3526,34016.4
385,2023-02-25,11038,10121,917,19405,16947,2458,96427,81297,15130,26693,22350,4343,34089.4
386,2023-02-26,11167,10209,958,21632,18864,2768,95620,90449,5171,26583,24881,1702,34099.4
387,2023-02-27,11011,10227,784,18525,15450,3075,96396,74076,22320,25345,20374,4971,34135.4
388,2023-02-28,11358,10480,878,20908,18145,2763,97547,87225,10322,27133,23935,3198,34213.4
389,2023-03-01,11156,10013,1143,20187,17522,2665,95271,84278,10993,25937,23113,2824,34222.4
390,2023-03-02,11153,10154,999,19059,16450,2609,97135,78979,18156,26995,21695,5300,34242.4
391,2023-03-03,11284,10420,864,19565,16552,3013,96157,79510,16647,27546,21834,5712,34276.4
392,2023-03-04,11057,9904,1153,20755,17708,3047,93875,85096,8779,24437,23354,1083,34346.4
393,2023-03-05,10956,10226,730,21231,18481,2750,94949,88684,6265,25904,24372,1532,34403.4
394,2023-03-06,10686,9924,762,18710,16034,2676,92045,77131,14914,24231,21147,3084,34445.4
395,2023-03-07,10586,9478,1108,18757,16333,2424,91358,78009,13349,23444,21540,1904,34508.4
396,2023-03-08,10525,9430,1095,18485,15272,3213,90242,73014,17228,24578,20140,4438,34526.4
397,2023-03-09,10788,9654,1134,19075,16211,2864,91917,77853,14064,24359,21384,2975,34586.4
398,2023-03-10,10520,9496,1024,18694,16534,2160,91582,79525,12057,24228,21808,2420,34642.4
399,2023-03-11,10752,9606,1146,20126,17752,2374,94082,84719,9363,24988,23416,1572,34675.4
400,2023-03-12,10811,9747,1064,20893,18415,2478,93884,87887,5997,25373,24287,1086,34729.4
401,2023-03-13,11078,10254,824,19962,17330,2632,96127,83150,12977,24997,22856,2141,34786.4
402,2023-03-14,10795,9924,871,19660,16994,2666,92647,81534,11113,26383,22412,3971,34849.4
403,2023-03-15,10500,9658,842,18975,16000,2975,91862,76265,15597,23750,21102,2648,34913.4
404,2023-03-16,10628,9573,1055,19319,16224,3095,92372,77911,14461,25339,21400,3939,34931.4
405,2023-03-17,10578,9602,976,19495,16450,3045,90811,79059,11752,25783,21698,4085,34976.4
406,2023-03-18,10663,9448,1215,19364,16106,3258,92491,77171,15320,24946,21242,3704,35037.4
407,2023-03-19,10988,10175,813,20820,18111,2709,95577,86511,9066,25502,23886,1616,35099.4
408,2023-03-20,10892,9757,1135,19279,16843,2436,95104,80353,14751,24865,22216,2649,35173.4
409,2023-03-21,10834,9990,844,18999,16229,2770,92357,78006,14351,24481,21406,3075,35192.4
410,2023-03-22,10533,9416,1117,20124,17265,2859,91650,82354,9296,25713,22773,2940,35235.4
411,2023-03-23,10784,10012,772,19332,16691,2641,93399,79569,13830,26403,22012,4391,35261.4
412,2023-03-24,10618,9515,1103,19521,16548,2973,91766,79265,12501,23834,21825,2009,35299.4
413,2023-03-25,10319,9411,908,19059,16833,2226,89897,80802,9095,25099,22203,2896,35328.4
414,2023-03-26,10291,9436,855,19436,16845,2591,90068,80835,9233,23905,22214,1691,35401.4
415,2023-03-27,10359,9588,771,18451,15331,3120,88346,73372,14974,25172,20221,4951,35472.4
416,2023-03-28,10546,9558,988,19067,16733,2334,90021,79966,10055,23341,22070,1271,35548.4
417,2023-03-29,10329,9361,968,20241,16966,3275,89123,81419,7704,24344,22378,1966,35565.4
418,2023-03-30,10036,9005,1031,18616,15710,2906,87686,75576,12110,24364,20720,3644,35639.4
419,2023-03-31,10295,9222,1073,17508,14725,2783,87552,70755,16797,24625,19421,5204,35687.4
420,2023-04-01,10126,9044,1082,18504,15768,2736,86308,75466,10842,24963,20799,4164,35755.4
421,2023-04-02,10140,9327,813,19414,16292,3122,88031,78013,10018,24021,21487,2534,35803.4
422,2023-04-03,9855,9173,682,19259,16703,2556,85341,80120,5221,24185,22032,2153,35854.4
423,2023-04-04,9582,8418,1164,17895,14653,3242,81097,70361,10736,21199,19325,1874,35869.4
424,2023-04-05,9362,8394,968,17200,14498,2702,79515,69369,10146,22815,19118,3697,35934.4
425,2023-04-06,9213,8286,927,15884,12780,3104,78462,61208,17254,22637,16853,5784,35975.4
426,2023-04-07,9025,8341,684,16495,13252,3243,76443,63298,13145,21509,17478,4031,35991.4
427,2023-04-08,9255,8668,587,16578,14167,2411,78586,68000,10586,21509,18684,2825,36034.4
428,2023-04-09,9251,8304,947,18131,15528,2603,79652,74228,5424,22769,20483,2286,36103.4
429,2023-04-10,9303,8643,660,16975,14633,2342,79370,69838,9532,21255,19302,1953,36141.4
430,2023-04-11,9570,8428,1142,18567,15094,3473,81635,71898,9737,21930,19904,2026,36200.4
431,2023-04-12,9458,8840,618,16039,13334,2705,82548,63939,18609,21530,17583,3947,36228.4
432,2023-04-13,9435,8695,740,16839,13839,3000,82311,65969,16342,23097,18249,4848,36267.4
433,2023-04-14,9568,8793,775,17989,15067,2922,82284,72061,10223,23838,19873,3965,36323.4
434,2023-04-15,9693,8940,753,16813,14467,2346,82497,69539,12958,23647,19083,4564,36363.4
435,2023-04-16,9633,9069,564,17759,15717,2042,83054,75563,7491,23760,20731,3029,36381.4
436,2023-04-17,9435,8446,989,17329,14414,2915,81600,68847,12753,22769,19008,3761,36417.4
437,2023-04-18,9352,8694,658,16565,14297,2268,79360,68476,10884,22692,18857,3835,36446.4
438,2023-04-19,9456,8502,954,18474,15765,2709,82040,75629,6411,21213,20792,421,36520.4
439,2023-04-20,9194,8488,706,16939,14519,2420,79203,69452,9751,21115,19147,1968,36531.4
440,2023-04-21,9106,8536,570,16571,13946,2625,78542,66707,11835,21135,18396,2739,36607.4
441,2023-04-22,9101,8412,689,16256,13092,3164,78047,62768,15279,20326,17267,3059,36619.4
442,2023-04-23,9247,8596,651,16746,14702,2044,79592,70177,9415,23113,19388,3725,36631.4
443,2023-04-24,9018,8210,808,14911,12256,2655,77208,58236,18972,21187,16164,5023,36661.4
444,2023-04-25,9099,8049,1050,15904,13515,2389,79096,64924,14172,21529,17825,3704,36682.4
445,2023-04-26,9033,8188,845,15674,13445,2229,78201,64056,14145,20718,17735,2983,36700.4
446,2023-04-27,8774,8049,725,17125,14317,2808,75411,68664,6747,21853,18885,2968,36745.4
447,2023-04-28,8514,7901,613,16849,13590,3259,73031,64640,8391,19496,17922,1574,36764.4
448,2023-04-29,8569,7721,848,14149,11141,3008,74420,53149,21271,20100,14693,5407,36827.4
449,2023-04-30,8350,7490,860,13684,11796,1888,73166,56207,16959,21043,15557,5486,36879.4
450,2023-05-01,8508,7754,754,15161,12516,2645,73355,59568,13787,20658,16504,4154,36900.4
451,2023-05-02,8379,7746,633,15219,13084,2135,71944,62771,9173,20949,17258,3691,36950.4
452,2023-05-03,8257,7562,695,14359,12576,1783,71590,59706,11884,18199,16583,1616,36995.4
453,2023-05-04,8312,7692,620,14665,12537,2128,72764,60143,12621,20847,16536,4311,37044.4
454,2023-05-05,8194,7695,499,14230,12014,2216,71415,56999,14416,18939,15847,3092,37085.4
455,2023-05-06,8212,7478,734,15618,13431,2187,69401,64565,4836,20086,17715,2371,37136.4
456,2023-05-07,8256,7690,566,15656,12933,2723,71375,62022,9353,20285,17059,3226,37197.4
457,2023-05-08,8095,7638,457,15836,13245,2591,71185,63149,8036,17861,17468,393,37240.4
458,2023-05-09,8276,7798,478,14349,11433,2916,72102,54550,17552,18099,15078,3021,37277.4
459,2023-05-10,8497,7720,777,14021,12137,1884,73718,58139,15579,18692,16003,2689,37345.4
460,2023-05-11,8284,7246,1038,13596,11385,2211,71828,54303,17525,19562,15013,4549,37423.4
461,2023-05-12,8203,7738,465,15489,12499,2990,71309,60049,11260,20739,16482,4257,37495.4
462,2023-05-13,8127,7147,980,14182,11264,2918,70042,53924,16118,18836,14853,3983,37561.4
463,2023-05-14,8370,7355,1015,15861,13230,2631,70791,63023,7768,19898,17449,2449,37604.4
464,2023-05-15,8340,7605,735,16459,13631,2828,72194,65437,6757,19419,17980,1439,37676.4
465,2023-05-16,8486,7514,972,15994,14058,1936,73015,67211,5804,20833,18537,2296,37749.4
466,2023-05-17,8258,7437,821,16177,13684,2493,71274,65757,5517,19620,18046,1574,37824.4
467,2023-05-18,8181,7203,978,16157,14216,1941,69023,68360,663,20392,18751,1641,37894.4
468,2023-05-19,7930,7041,889,13932,11873,2059,67082,56493,10589,19975,15660,4315,37906.4
469,2023-05-20,7702,6940,762,14178,12482,1696,64982,59651,5331,18864,16459,2405,37976.4
470,2023-05-21,7500,6706,794,14825,12230,2595,65903,58766,7137,18015,16131,1884,38021.4
471,2023-05-22,7323,6666,657,12661,10092,2569,62808,47725,15083,15718,13306,2412,38086.4
472,2023-05-23,7132,6216,916,12747,10611,2136,61489,50647,10842,16653,13992,2661,38103.4
473,2023-05-24,7310,6816,494,12334,10745,1589,62559,50917,11642,16844,14167,2677,38153.4
474,2023-05-25,7533,6807,726,14502,11923,2579,64201,56921,7280,16211,15721,490,38210.4
475,2023-05-26,7648,7237,411,14703,11701,3002,67341,55525,11816,17997,15431,2566,38238.4
476,2023-05-27,7491,6796,695,14931,12939,1992,64148,61914,2234,16347,17062,-715,38314.4
477,2023-05-28,7614,6741,873,15275,12445,2830,65522,59211,6311,18784,16409,2375,38366.4
478,2023-05-29,7507,6835,672,13703,10722,2981,64776,51204,13572,17660,14141,3519,38399.4
479,2023-05-30,7540,6701,839,13512,10696,2816,66260,50946,15314,18521,14102,4419,38471.4
480,2023-05-31,7542,6575,967,12860,11246,1614,63705,53284,10421,16968,14832,2136,38499.4
481,2023-06-01,7738,6775,963,14945,12825,2120,65563,61076,4487,18289,16911,1378,38550.4
482,2023-06-02,7778,7139,639,13326,11129,2197,66350,53395,12955,19023,14673,4350,38618.4
483,2023-06-03,7745,6975,770,13861,11343,2518,68097,53965,14132,17603,14957,2646,38670.4
484,2023-06-04,7942,7364,578,13677,11681,1996,69796,55681,14115,19893,15408,4485,38744.4
485,2023-06-05,8027,7071,956,15317,12743,2574,68124,61095,7029,17551,16805,746,38771.4
486,2023-06-06,8175,7551,624,13342,11319,2023,71168,54336,16832,19228,14925,4303,38785.4
487,2023-06-07,8315,7486,829,15267,13227,2040,71669,63441,8228,18323,17442,881,38820.4
488,2023-06-08,8161,7136,1025,15452,12827,2625,70555,61607,8948,18566,16917,1649,38891.4
489,2023-06-09,8101,7400,701,13718,10858,2860,68341,51752,16589,19272,14317,4955,38926.4
490,2023-06-10,7879,7121,758,13861,12211,1650,68004,58052,9952,18614,16107,2507,38978.4
491,2023-06-11,7756,6863,893,13923,11500,2423,65926,54755,11171,17273,15168,2105,39019.4
492,2023-06-12,7839,6971,868,13495,11804,1691,68488,56063,12425,19150,15570,3580,39059.4
493,2023-06-13,7803,7381,422,12741,10630,2111,67377,50453,16924,16943,14021,2922,39113.4
494,2023-06-14,7695,7056,639,12769,10655,2114,65031,50913,14118,17840,14054,3786,39184.4
495,2023-06-15,7507,6905,602,14126,12046,2080,65580,57639,7941,17899,15886,2013,39211.4
496,2023-06-16,7682,6878,804,13134,10245,2889,65498,48702,16796,16842,13508,3334,39261.4
497,2023-06-17,7677,6765,912,13417,10599,2818,65861,50347,15514,18340,13980,4360,39281.4
498,2023-06-18,7656,7018,638,13893,12025,1868,66731,57739,8992,18335,15860,2475,39348.4
499,2023-06-19,7866,7029,837,13506,11148,2358,69125,53540,15585,17717,14698,3019,39416.4
500,2023-06-20,7663,6691,972,14868,12151,2717,65458,58352,7106,17181,16027,1154,39441.4
501,2023-06-21,7866,7428,438,14159,11944,2215,68141,56703,11438,19553,15753,3800,39462.4
502,2023-06-22,8067,7513,554,14455,11869,2586,69050,56887,12163,17466,15652,1814,39471.4
503,2023-06-23,8153,7644,509,16093,13889,2204,70600,66273,4327,19639,18315,1324,39540.4
504,2023-06-24,8325,7547,778,16439,14372,2067,71766,69053,2713,18905,18953,-48,39576.4
505,2023-06-25,8384,7865,519,15716,12767,2949,72865,61058,11807,20496,16835,3661,39613.4
506,2023-06-26,8253,7580,673,14047,11937,2110,71485,56772,14713,20030,15744,4286,39679.4
507,2023-06-27,8416,7753,663,15043,11922,3121,71656,57004,14652,19024,15726,3298,39757.4
508,2023-06-28,8210,7743,467,13621,11550,2071,69871,55088,14783,20416,15231,5185,39808.4
509,2023-06-29,8286,7620,666,15375,12399,2976,72085,59096,12989,19451,16353,3098,39877.4
510,2023-06-30,8498,7831,667,15234,13292,1942,72275,63342,8933,19464,17527,1937,39926.4
511,2023-07-01,8572,7771,801,14862,13015,1847,75205,62333,12872,19870,17165,2705,39935.4
512,2023-07-02,8790,8325,465,15097,11979,3118,75444,57194,18250,21571,15801,5770,39990.4
513,2023-07-03,8729,8098,631,15779,13388,2391,75870,63875,11995,21448,17657,3791,40055.4
514,2023-07-04,8810,8339,471,17029,14243,2786,76071,67771,8300,19881,18785,1096,40121.4
515,2023-07-05,8711,7780,931,16421,14132,2289,74013,67798,6215,20209,18639,1570,40140.4
516,2023-07-06,8706,8169,537,16559,14276,2283,74316,68201,6115,21552,18826,2726,40170.4
517,2023-07-07,8878,8007,871,16186,13643,2543,77177,65208,11969,19677,17992,1685,40231.4
518,2023-07-08,9038,8329,709,17095,15124,1971,77949,72235,5714,22599,19946,2653,40294.4
519,2023-07-09,9193,8657,536,17974,14993,2981,79970,71892,8078,20535,19777,758,40358.4
520,2023-07-10,9397,8717,680,17987,15086,2901,82363,72484,9879,23170,19894,3276,40378.4
521,2023-07-11,9488,8640,848,16273,13634,2639,82531,65035,17496,21084,17982,3102,40451.4
522,2023-07-12,9377,8492,885,15629,13685,1944,79335,65637,13698,21225,18046,3179,40517.4
523,2023-07-13,9405,8401,1004,15566,13303,2263,81714,63361,18353,22402,17545,4857,40592.4
524,2023-07-14,9148,8379,769,16377,13577,2800,79787,65088,14699,20176,17906,2270,40664.4
525,2023-07-15,9094,8270,824,16373,13505,2868,77468,64847,12621,22516,17814,4702,40692.4
526,2023-07-16,9057,8551,506,17822,14536,3286,79047,69481,9566,19822,19171,651,40715.4
527,2023-07-17,8797,7731,1066,15215,12986,2229,77007,62143,14864,19919,17126,2793,40760.4
528,2023-07-18,8619,7902,717,15104,12904,2200,74242,61638,12604,21155,17017,4138,40804.4
529,2023-07-19,8777,8072,705,16782,14459,2323,76052,68873,7179,21655,19070,2585,40860.4
530,2023-07-20,8521,7844,677,14080,11073,3007,74608,52787,21821,20130,14599,5531,40923.4
531,2023-07-21,8670,7979,691,16357,13515,2842,76065,64591,11474,21366,17826,3540,40936.4
532,2023-07-22,8884,7867,1017,16317,13449,2868,76484,64545,11939,21651,17739,3912,40963.4
533,2023-07-23,9015,8392,623,15833,13179,2654,77158,63035,14123,20671,17380,3291,41008.4
534,2023-07-24,9085,8371,714,17572,14207,3365,77965,67996,9969,21792,18734,3058,41024.4
535,2023-07-25,9037,8532,505,16994,14469,2525,76755,69331,7424,20951,19080,1871,41090.4
536,2023-07-26,9147,8247,900,17657,14605,3052,78038,70230,7808,20529,19263,1266,41156.4
537,2023-07-27,8952,8038,914,15277,13113,2164,77666,62844,14822,20201,17294,2907,41216.4
538,2023-07-28,8976,8317,659,15620,13607,2013,77022,64970,12052,21686,17943,3743,41289.4
539,2023-07-29,9185,8617,568,17259,14706,2553,80325,70141,10184,20529,19394,1135,41299.4
540,2023-07-30,9296,8689,607,16149,13192,2957,80338,62887,17451,20360,17397,2963,41333.4
541,2023-07-31,9555,8728,827,17360,14951,2409,82437,71212,11225,22341,19721,2620,41401.4
542,2023-08-01,9702,8927,775,16509,14277,2232,82643,68472,14171,22136,18830,3306,41444.4
543,2023-08-02,9796,8613,1183,18711,16051,2660,85015,77086,7929,23533,21170,2363,41458.4
544,2023-08-03,9845,9034,811,17037,14893,2144,84512,71139,13373,24140,19643,4497,41504.4
545,2023-08-04,9930,9211,719,17350,15349,2001,84409,73579,10830,23245,20247,2998,41569.4
546,2023-08-05,10053,9381,672,17563,14947,2616,87606,71194,16412,23640,19710,3930,41638.4
547,2023-08-06,10072,9297,775,18635,15444,3191,87160,73698,13462,22716,20372,2344,41716.4
548,2023-08-07,10349,9379,970,17497,15253,2244,88122,73187,14935,23247,20119,3128,41762.4
549,2023-08-08,10367,9627,740,17647,15590,2057,89367,74316,15051,24772,20561,4211,41784.4
550,2023-08-09,10187,9139,1048,19234,15960,3274,88888,76550,12338,23315,21052,2263,41812.4
551,2023-08-10,10214,9169,1045,17364,15155,2209,87492,72629,14863,24239,19988,4251,41823.4
552,2023-08-11,10422,9176,1246,19337,15952,3385,90287,76111,14176,24426,21040,3386,41886.4
553,2023-08-12,10309,9363,946,17921,15797,2124,90115,75652,14463,23560,20833,2727,41928.4
554,2023-08-13,10078,9232,846,17994,15026,2968,86534,71756,14778,22545,19816,2729,41969.4
555,2023-08-14,10343,9221,1122,20070,17424,2646,90045,83187,6858,23599,22978,621,42019.4
556,2023-08-15,10204,9084,1120,17148,15080,2068,87286,72422,14864,23132,19889,3243,42076.4
557,2023-08-16,10236,9197,1039,18348,15160,3188,86712,72418,14294,24797,19991,4806,42098.4
558,2023-08-17,10010,9349,661,17849,14561,3288,86724,69418,17306,22653,19206,3447,42158.4
559,2023-08-18,10305,9071,1234,18291,14871,3420,88442,71226,17216,24214,19612,4602,42199.4
560,2023-08-19,10547,9890,657,19825,17164,2661,91035,81984,9051,26073,22638,3435,42218.4
561,2023-08-20,10890,9593,1297,19022,15919,3103,94450,76309,18141,24834,20997,3837,42274.4
562,2023-08-21,10864,10148,716,20349,16758,3591,92130,80227,11903,24482,22101,2381,42285.4
563,2023-08-22,10557,9652,905,18899,16725,2174,90490,80188,10302,26109,22060,4049,42326.4
564,2023-08-23,10795,9717,1078,20971,18062,2909,93379,86364,7015,25077,23820,1257,42404.4
565,2023-08-24,10616,9624,992,19420,15900,3520,92936,75953,16983,24155,20971,3184,42477.4
566,2023-08-25,10446,9660,786,18281,15026,3255,88898,71853,17045,24444,19820,4624,42504.4
567,2023-08-26,10312,9107,1205,19823,16931,2892,88858,81225,7633,23015,22328,687,42522.4
568,2023-08-27,10465,9565,900,18347,15728,2619,89679,75404,14275,24326,20747,3579,42544.4
569,2023-08-28,10629,9918,711,18136,14749,3387,92064,70679,21385,26216,19454,6762,42587.4
570,2023-08-29,10607,9653,954,18749,16143,2606,92258,77620,14638,23669,21294,2375,42608.4
571,2023-08-30,10431,9491,940,17918,15230,2688,88454,73211,15243,25886,20088,5798,42639.4
572,2023-08-31,10690,9808,882,19207,16208,2999,90778,77423,13355,25292,21376,3916,42689.4
573,2023-09-01,10808,9704,1104,20735,18041,2694,92165,86596,5569,25598,23798,1800,42761.4
574,2023-09-02,10779,9551,1228,20154,17283,2871,91952,82756,9196,24324,22797,1527,42821.4
575,2023-09-03,10876,10132,744,19707,16144,3563,92376,77559,14817,23999,21292,2707,42875.4
576,2023-09-04,10868,9697,1171,19056,16005,3051,93578,76502,17076,26361,21109,5252,42946.4
577,2023-09-05,11081,9873,1208,20883,18271,2612,95047,87834,7213,25793,24097,1696,43003.4
578,2023-09-06,10828,9921,907,19545,17298,2247,93137,82728,10409,25023,22815,2208,43044.4
579,2023-09-07,10662,9489,1173,18282,15357,2925,91190,73152,18038,26122,20257,5865,43076.4
580,2023-09-08,10474,9564,910,19615,16978,2637,91235,81487,9748,23566,22396,1170,43148.4
581,2023-09-09,10772,9604,1168,20792,18083,2709,92908,87024,5884,24609,23849,760,43212.4
582,2023-09-10,10726,9790,936,18616,15873,2743,91738,75932,15806,26447,20933,5514,43251.4
583,2023-09-11,10644,9548,1096,18907,15701,3206,90369,75435,14934,23989,20705,3284,43329.4
584,2023-09-12,10889,10085,804,20178,17591,2587,93144,83935,9209,25768,23202,2566,43343.4
585,2023-09-13,11053,10283,770,18831,16141,2690,94355,77030,17325,27079,21291,5788,43403.4
586,2023-09-14,11093,10384,709,20121,17709,2412,94884,84679,10205,26516,23360,3156,43431.4
587,2023-09-15,11388,10202,1186,19959,16561,3398,99262,79538,19724,25731,21841,3890,43495.4
588,2023-09-16,11700,10581,1119,22338,19257,3081,100721,92492,8229,26633,25399,1234,43542.4
589,2023-09-17,11459,10187,1272,21979,19362,2617,98995,92576,6419,27521,25539,1982,43570.4
590,2023-09-18,11524,10327,1197,20264,17901,2363,100743,86069,14674,27856,23609,4247,43638.4
591,2023-09-19,11794,10955,839,20864,18213,2651,101785,87517,14268,27988,24019,3969,43694.4
592,2023-09-20,12039,11018,1021,22255,18744,3511,102825,89526,13299,28096,24719,3377,43758.4
593,2023-09-21,11820,10616,1204,22907,19431,3476,102607,93126,9481,28570,25630,2940,43771.4
594,2023-09-22,11584,10225,1359,21784,18655,3129,101281,89279,12002,28312,24603,3709,43781.4
595,2023-09-23,11518,10695,823,19478,17074,2404,97960,81690,16270,26088,22517,3571,43838.4
596,2023-09-24,11872,10791,1081,22815,20086,2729,103531,96454,7077,26901,26491,410,43861.4
597,2023-09-25,11734,10479,1255,20862,17981,2881,100927,86345,14582,27784,23713,4071,43895.4
598,2023-09-26,11819,10483,1336,21923,18419,3504,102828,88369,14459,27174,24297,2877,43958.4
599,2023-09-27,11634,10343,1291,19690,16830,2860,100825,80894,19931,27654,22197,5457,43985.4
600,2023-09-28,11348,10404,944,20541,17647,2894,98364,84800,13564,27315,23278,4037,43995.4
601,2023-09-29,11619,10563,1056,20088,17617,2471,99969,84685,15284,28426,23237,5189,44044.4
602,2023-09-30,11837,11022,815,21972,19116,2856,103344,91720,11624,29222,25212,4010,44053.4
603,2023-10-01,12218,11364,854,22063,18964,3099,105680,90575,15105,29466,25011,4455,44106.4
604,2023-10-02,12342,10985,1357,22665,19337,3328,106408,92828,13580,30251,25505,4746,44157.4
605,2023-10-03,12036,11057,979,22665,19915,2750,104475,95519,8956,27917,26265,1652,44193.4
606,2023-10-04,11875,10863,1012,22601,20033,2568,103720,96087,7633,27861,26425,1436,44207.4
607,2023-10-05,12003,10792,1211,21618,18026,3592,103773,86380,17393,27019,23772,3247,44252.4
608,2023-10-06,11992,10990,1002,21326,18155,3171,103544,87291,16253,28692,23943,4749,44325.4
609,2023-10-07,12067,10792,1275,23395,19698,3697,105454,94421,11033,28456,25980,2476,44354.4
610,2023-10-08,12359,11385,974,21946,18644,3302,106034,89092,16942,29180,24590,4590,44377.4
611,2023-10-09,11991,11140,851,21342,18370,2972,102474,88356,14118,28928,24231,4697,44393.4
612,2023-10-10,11929,10783,1146,20182,16994,3188,101546,81753,19793,28105,22414,5691,44448.4
613,2023-10-11,11901,10771,1130,21599,19101,2498,103118,91671,11447,28937,25191,3746,44470.4
614,2023-10-12,11577,10448,1129,20273,16826,3447,100927,80534,20393,27218,22195,5023,44519.4
615,2023-10-13,11576,10567,1009,22037,18940,3097,99500,90977,8523,25754,24983,771,44528.4
616,2023-10-14,11821,10469,1352,20519,18180,2339,100423,86913,13510,27556,23981,3575,44548.4
617,2023-10-15,11825,10593,1232,20503,18179,2324,103113,87080,16033,28280,23977,4303,44593.4
618,2023-10-16,11866,10891,975,22788,19064,3724,102470,91298,11172,27812,25143,2669,44653.4
619,2023-10-17,11708,10484,1224,22727,18886,3841,102168,90227,11941,27369,24908,2461,44675.4
620,2023-10-18,11361,10362,999,19527,15994,3533,97712,76538,21174,26189,21091,5098,44684.4
621,2023-10-19,11688,10933,755,22694,18807,3887,99610,90144,9466,26113,24804,1309,44733.4
622,2023-10-20,11492,10566,926,19921,17468,2453,98545,83921,14624,26354,23036,3318,44802.4
623,2023-10-21,11845,10494,1351,20411,16885,3526,103182,80744,22438,28334,22270,6064,44863.4
624,2023-10-22,12216,11030,1186,21015,17909,3106,105450,85938,19512,27240,23620,3620,44936.4
625,2023-10-23,12589,11298,1291,23842,20337,3505,107690,97540,10150,29021,26827,2194,44948.4
626,2023-10-24,12769,11330,1439,23120,20382,2738,110972,97871,13101,30863,26880,3983,44977.4
627,2023-10-25,13021,11687,1334,22429,18886,3543,111313,90268,21045,30343,24909,5434,44998.4
628,2023-10-26,12939,11582,1357,22651,19768,2883,112421,94642,17779,29539,26072,3467,45052.4
629,2023-10-27,12713,11506,1207,22324,19150,3174,108645,92032,16613,28860,25260,3600,45109.4
630,2023-10-28,12439,10984,1455,23809,20420,3389,107354,97899,9455,30215,26936,3279,45151.4
631,2023-10-29,12141,11122,1019,21655,18081,3574,103647,86607,17040,27926,23850,4076,45178.4
632,2023-10-30,12183,10768,1415,21541,18552,2989,104388,88857,15531,28417,24467,3950,45250.4
633,2023-10-31,12530,11534,996,22509,19264,3245,107028,92064,14964,30617,25407,5210,45259.4
634,2023-11-01,12738,11292,1446,22823,19105,3718,111083,91471,19612,31272,25196,6076,45288.4
635,2023-11-02,12667,11288,1379,23505,20414,3091,110175,98071,12104,29067,26924,2143,45347.4
636,2023-11-03,12714,11230,1484,23107,19235,3872,108690,92202,16488,29224,25372,3852,45424.4
637,2023-11-04,12368,11019,1349,22615,19100,3515,106674,91203,15471,29656,25194,4462,45463.4
638,2023-11-05,12177,10892,1285,21545,18279,3266,104825,87537,17288,28386,24106,4280,45518.4
639,2023-11-06,12147,11193,954,21890,19333,2557,104977,92770,12207,27343,25500,1843,45544.4
640,2023-11-07,12207,11142,1065,23381,20015,3366,105231,96009,9222,28186,26401,1785,45599.4
641,2023-11-08,11964,11031,933,22840,19269,3571,103683,92531,11152,29028,25417,3611,45670.4
642,2023-11-09,12281,11374,907,22984,20157,2827,106725,96535,10190,27822,26587,1235,45739.4
643,2023-11-10,12568,11497,1071,22626,19548,3078,108328,94089,14239,29981,25781,4200,45810.4
644,2023-11-11,12547,11276,1271,22875,19979,2896,107197,95815,11382,28164,26355,1809,45821.4
645,2023-11-12,12785,11686,1099,22331,18882,3449,111010,90509,20501,31464,24903,6561,45890.4
646,2023-11-13,12893,11719,1174,23601,20603,2998,109635,98567,11068,31423,27173,4250,45936.4
647,2023-11-14,13260,12243,1017,25389,21551,3838,113974,103130,10844,31121,28427,2694,45973.4
648,2023-11-15,13104,12128,976,23903,20812,3091,114162,99462,14700,30413,27448,2965,46047.4
649,2023-11-16,12757,11389,1368,22281,19633,2648,109460,93999,15461,29489,25892,3597,46056.4
650,2023-11-17,12840,11630,1210,24691,21522,3169,111557,103194,8363,30224,28389,1835,46090.4
651,2023-11-18,12448,11616,832,23217,19345,3872,106444,92474,13970,27941,25512,2429,46168.4
652,2023-11-19,12407,11314,1093,22683,18874,3809,106916,90107,16809,30267,24897,5370,46182.4
653,2023-11-20,12431,11144,1287,23142,20290,2852,106881,97347,9534,27928,26761,1167,46254.4
654,2023-11-21,12338,11388,950,22408,19243,3165,107132,92142,14990,29661,25378,4283,46327.4
655,2023-11-22,12174,11097,1077,22771,19462,3309,105253,93542,11711,28801,25673,3128,46357.4
656,2023-11-23,12545,11645,900,23252,19674,3578,109376,94383,14993,28660,25950,2710,46419.4
657,2023-11-24,12952,11456,1496,23178,20135,3043,111727,96795,14932,29235,26558,2677,46495.4
658,2023-11-25,13151,11915,1236,24816,20782,4034,111943,99549,12394,31841,27409,4432,46546.4
659,2023-11-26,12792,11782,1010,24123,21192,2931,110886,101296,9590,29921,27953,1968,46581.4
660,2023-11-27,12430,11229,1201,21858,19080,2778,108418,91378,17040,28610,25167,3443,46623.4
661,2023-11-28,12498,11499,999,24002,20095,3907,108805,96540,12265,29465,26507,2958,46660.4
662,2023-11-29,12473,11370,1103,22802,19248,3554,108486,92144,16342,30722,25386,5336,46698.4
663,2023-11-30,12845,11406,1439,23005,19934,3071,109621,95923,13698,29845,26294,3551,46771.4
664,2023-12-01,13178,11748,1430,24402,20984,3418,114077,101013,13064,31536,27674,3862,46797.4
665,2023-12-02,13261,12090,1171,25321,21785,3536,112809,104849,7960,29877,28733,1144,46810.4
666,2023-12-03,13195,12028,1167,24010,20167,3843,112931,96381,16550,30285,26603,3682,46861.4
667,2023-12-04,12889,11822,1067,23929,20260,3669,112200,97215,14985,30140,26721,3419,46896.4
668,2023-12-05,13050,11831,1219,24265,20345,3920,113672,97913,15759,29344,26832,2512,46930.4
669,2023-12-06,13309,11807,1502,22870,19409,3461,115951,92914,23037,30013,25599,4414,46996.4
670,2023-12-07,13026,11621,1405,23543,20695,2848,112263,99220,13043,30525,27297,3228,47008.4
671,2023-12-08,12710,11569,1141,23546,19614,3932,108895,93826,15069,29545,25873,3672,47043.4
672,2023-12-09,12759,11558,1201,23969,20667,3302,108792,99255,9537,29234,27259,1975,47119.4
673,2023-12-10,12451,11276,1175,21687,18238,3449,106818,87211,19607,29542,24053,5489,47164.4
674,2023-12-11,12592,11489,1103,24270,20256,4014,107317,97410,9907,29332,26714,2618,47209.4
675,2023-12-12,12358,10940,1418,22620,19108,3512,106516,91550,14966,28487,25204,3283,47271.4
676,2023-12-13,12581,11163,1418,23132,19664,3468,108589,94477,14112,29694,25937,3757,47337.4
677,2023-12-14,12925,11669,1256,24937,21118,3819,110735,101252,9483,30111,27854,2257,47349.4
678,2023-12-15,12895,11634,1261,24601,21532,3069,109875,103344,6531,30838,28400,2438,47363.4
679,2023-12-16,13148,11824,1324,23018,19981,3037,112598,96150,16448,32132,26356,5776,47412.4
680,2023-12-17,13164,12084,1080,23627,20829,2798,113687,99936,13751,30027,27476,2551,47452.4
681,2023-12-18,13386,12268,1118,24272,20317,3955,116614,97638,18976,30096,26796,3300,47476.4
682,2023-12-19,13571,12605,966,25072,21999,3073,116091,105466,10625,31823,29018,2805,47535.4
683,2023-12-20,13333,11967,1366,23375,19496,3879,114597,93415,21182,30970,25711,5259,47612.4
684,2023-12-21,13522,12090,1432,23129,20282,2847,117510,97125,20385,32673,26749,5924,47628.4
685,2023-12-22,13500,12028,1472,25576,21597,3979,116880,103284,13596,32830,28489,4341,47685.4
686,2023-12-23,13434,12332,1102,24238,20541,3697,116093,98331,17762,30715,27093,3622,47731.4
687,2023-12-24,13784,12325,1459,24582,21805,2777,117402,104591,12811,32764,28761,4003,47786.4
688,2023-12-25,13758,12442,1316,23805,21041,2764,118119,101117,17002,33123,27750,5373,47856.4
689,2023-12-26,14124,12747,1377,24845,21874,2971,121005,105197,15808,33559,28855,4704,47908.4
690,2023-12-27,14502,13437,1065,27055,23275,3780,125345,111381,13964,33509,30700,2809,47976.4
691,2023-12-28,14086,12919,1167,25725,22672,3053,122659,108459,14200,32677,29901,2776,48003.4
692,2023-12-29,13707,12521,1186,23578,20242,3336,117315,96836,20479,31922,26698,5224,48079.4
693,2023-12-30,13927,12475,1452,24160,20608,3552,121163,99090,22073,34123,27182,6941,48094.4
694,2023-12-31,14009,12542,1467,25277,21152,4125,122089,101605,20484,32898,27902,4996,48172.4
695,2024-01-01,14378,13040,1338,25738,22009,3729,123840,105879,17961,32803,29029,3774,48246.4
696,2024-01-02,14830,13605,1225,25882,22868,3014,127105,109645,17460,36171,30164,6007,48285.4
697,2024-01-03,14644,13110,1534,27177,23588,3589,124887,113278,11609,33227,31116,2111,48300.4
698,2024-01-04,14327,13214,1113,27284,23466,3818,123761,113000,10761,32215,30951,1264,48326.4
699,2024-01-05,14773,13611,1162,26437,22793,3644,128076,109397,18679,33504,30064,3440,48388.4
700,2024-01-06,14960,13524,1436,27475,24447,3028,129037,117089,11948,35837,32247,3590,48423.4
701,2024-01-07,14510,13259,1251,25559,22416,3143,125515,107792,17723,34911,29570,5341,48496.4
702,2024-01-08,14263,12701,1562,26696,23599,3097,124280,113188,11092,33715,31129,2586,48530.4
703,2024-01-09,14035,12435,1600,25592,22123,3469,120403,106273,14130,33914,29178,4736,48597.4
704,2024-01-10,13624,12644,980,23777,20710,3067,116113,99639,16474,32289,27315,4974,48618.4
705,2024-01-11,13438,12187,1251,24192,20258,3934,116587,97143,19444,32016,26720,5296,48679.4
706,2024-01-12,13763,12220,1543,23932,21252,2680,118746,102127,16619,30775,28029,2746,48738.4
707,2024-01-13,13555,12296,1259,24401,21336,3065,117349,102570,14779,30887,28143,2744,48799.4
708,2024-01-14,13915,12741,1174,24585,20960,3625,120906,100614,20292,33235,27648,5587,48828.4
709,2024-01-15,13808,12794,1014,25212,22201,3011,119688,106818,12870,31815,29285,2530,48846.4
710,2024-01-16,13480,12220,1260,25792,22448,3344,115011,107790,7221,32554,29608,2946,48893.4
711,2024-01-17,13526,12584,942,25016,22083,2933,115146,105727,9419,31623,29125,2498,48931.4
712,2024-01-18,13823,12302,1521,26284,22434,3850,118782,107701,11081,31623,29593,2030,48983.4
713,2024-01-19,13853,12283,1570,26623,22469,4154,118509,108069,10440,33774,29638,4136,49038.4
714,2024-01-20,14099,12540,1559,25698,22042,3656,120609,106066,14543,34088,29070,5018,49065.4
715,2024-01-21,13709,12667,1042,23737,20778,2959,119193,99619,19574,32598,27404,5194,49101.4
716,2024-01-22,13349,12211,1138,23102,19502,3600,115406,93235,22171,30774,25724,5050,49128.4
717,2024-01-23,13716,12567,1149,26027,21825,4202,119103,104775,14328,30948,28786,2162,49183.4
718,2024-01-24,13503,12056,1447,24400,21069,3331,117453,101435,16018,31078,27789,3289,49221.4
719,2024-01-25,13612,12380,1232,24839,21610,3229,116752,103995,12757,32543,28504,4039,49236.4
720,2024-01-26,13382,12230,1152,24391,20720,3671,114380,99617,14763,31276,27331,3945,49281.4
721,2024-01-27,13661,12523,1138,24308,21397,2911,117964,102621,15343,30916,28221,2695,49321.4
722,2024-01-28,13676,12171,1505,23995,20959,3036,118342,100331,18011,31495,27645,3850,49339.4
723,2024-01-29,13732,12302,1430,25213,21718,3495,117645,104397,13248,32116,28643,3473,49416.4
724,2024-01-30,13728,12209,1519,25961,22146,3815,119265,106342,12923,31763,29207,2556,49476.4
725,2024-01-31,13322,12080,1242,23348,20105,3243,113564,96093,17471,30682,26516,4166,49550.4
726,2024-02-01,13074,12023,1051,22301,18530,3771,113498,88794,24704,30887,24443,6444,49601.4
727,2024-02-02,13373,12103,1270,24571,21422,3149,116108,102563,13545,31064,28254,2810,49646.4
728,2024-02-03,13435,11930,1505,25419,22237,3182,114879,106534,8345,30009,29329,680,49663.4
729,2024-02-04,13742,12675,1067,24134,20526,3608,117933,98600,19333,33488,27076,6412,49741.4
730,2024-02-05,13875,12646,1229,24452,21491,2961,119201,102887,16314,33544,28349,5195,49801.4
731,2024-02-06,14221,13079,1142,25739,21893,3846,123963,104683,19280,34184,28878,5306,49860.4
732,2024-02-07,13820,12337,1483,24927,21305,3622,119367,102224,17143,33316,28104,5212,49888.4
733,2024-02-08,13444,12402,1042,22975,20410,2565,116796,97795,19001,32520,26917,5603,49948.4
734,2024-02-09,13141,11708,1433,25327,22001,3326,111929,105752,6177,31279,29018,2261,50024.4
735,2024-02-10,13151,11909,1242,22927,20342,2585,114790,97371,17419,30162,26834,3328,50039.4
736,2024-02-11,13447,12317,1130,23855,20849,3006,115259,99682,15577,30575,27501,3074,50114.4
737,2024-02-12,13700,12563,1137,24716,21066,3650,118497,100779,17718,32710,27785,4925,50175.4
738,2024-02-13,13597,12206,1391,24109,20224,3885,117564,96680,20884,30385,26678,3707,50251.4
739,2024-02-14,13764,12445,1319,25002,21865,3137,118417,105081,13336,32003,28841,3162,50305.4
740,2024-02-15,13928,12884,1044,25623,22070,3553,121425,105880,15545,31919,29113,2806,50314.4
741,2024-02-16,14287,12673,1614,25671,21514,4157,123551,103179,20372,34182,28379,5803,50353.4
742,2024-02-17,14334,12928,1406,26766,23414,3352,123202,112624,10578,34306,30881,3425,50393.4
743,2024-02-18,14418,13288,1130,26831,22546,4285,122860,108521,14339,33744,29741,4003,50406.4
744,2024-02-19,14877,13498,1379,27767,23933,3834,126925,115064,11861,33805,31565,2240,50461.4
745,2024-02-20,14958,13782,1176,25815,22868,2947,129167,109911,19256,35963,30166,5797,50511.4
746,2024-02-21,14517,12914,1603,26921,23932,2989,124466,115247,9219,34173,31570,2603,50588.4
747,2024-02-22,14953,13482,1471,27750,24096,3654,129905,115936,13969,34200,31785,2415,50608.4
748,2024-02-23,14536,13233,1303,26277,22270,4007,126084,107124,18960,33803,29376,4427,50660.4
749,2024-02-24,14365,12959,1406,24966,21179,3787,123302,101260,22042,34439,27934,6505,50686.4
750,2024-02-25,14359,13095,1264,25696,21820,3876,123477,105065,18412,33095,28779,4316,50764.4
751,2024-02-26,14256,12812,1444,25013,22230,2783,121360,106407,14953,33102,29318,3784,50790.4
752,2024-02-27,14363,13106,1257,26684,22583,4101,123843,108641,15202,33916,29784,4132,50806.4
753,2024-02-28,14598,13276,1322,25818,22934,2884,125320,110146,15174,33920,30248,3672,50848.4
754,2024-02-29,14252,13190,1062,26994,22801,4193,124258,109376,14882,33053,30076,2977,50872.4
755,2024-03-01,14169,13046,1123,26459,22363,4096,121367,107450,13917,34576,29496,5080,50930.4
756,2024-03-02,14376,13168,1208,27529,24114,3415,123694,116109,7585,33375,31807,1568,50990.4
757,2024-03-03,13984,12843,1141,24409,21157,3252,119122,101415,17707,33466,27908,5558,50999.4
758,2024-03-04,13943,12912,1031,25317,21318,3999,121037,102616,18421,31952,28121,3831,51050.4
759,2024-03-05,14125,13049,1076,24509,21048,3461,121030,100939,20091,32299,27760,4539,51122.4
760,2024-03-06,14356,12884,1472,25114,21149,3965,122990,101761,21229,32480,27893,4587,51195.4
761,2024-03-07,14669,13107,1562,26117,22809,3308,126966,109518,17448,34136,30087,4049,51211.4
762,2024-03-08,14815,13430,1385,26843,22880,3963,126983,109562,17421,34312,30179,4133,51276.4
763,2024-03-09,14986,13686,1300,25883,21953,3930,128861,105690,23171,36556,28956,7600,51313.4
764,2024-03-10,15055,13665,1390,28074,23685,4389,128404,113532,14872,35030,31242,3788,51327.4
765,2024-03-11,14884,13353,1531,27130,23242,3888,127578,111490,16088,35828,30653,5175,51338.4
766,2024-03-12,14766,13469,1297,27931,23787,4144,126361,114142,12219,35848,31376,4472,51357.4
767,2024-03-13,14816,13527,1289,27825,24361,3464,127455,117159,10296,35439,32131,3308,51435.4
768,2024-03-14,15260,14043,1217,27739,23360,4379,131590,112068,19522,34685,30809,3876,51509.4
769,2024-03-15,15310,13594,1716,27500,23808,3692,132324,114053,18271,37103,31403,5700,51533.4
770,2024-03-16,15731,14408,1323,28086,24574,3512,134235,117875,16360,35994,32417,3577,51553.4
771,2024-03-17,16042,14300,1742,30356,26947,3409,138655,129078,9577,36876,35545,1331,51619.4
772,2024-03-18,15677,14424,1253,29153,25711,3442,133917,123189,10728,37438,33916,3522,51664.4
773,2024-03-19,16018,14454,1564,30578,27044,3534,139502,129994,9508,36278,35671,607,51739.4
774,2024-03-20,15777,14095,1682,27139,24003,3136,136814,115086,21728,35924,31658,4266,51810.4
775,2024-03-21,16197,14460,1737,28156,23722,4434,139778,113732,26046,39067,31288,7779,51852.4
776,2024-03-22,16706,14931,1775,29286,25308,3978,142824,121852,20972,38892,33381,5511,51891.4
777,2024-03-23,17201,15493,1708,31393,27371,4022,148963,131725,17238,39837,36102,3735,51937.4
778,2024-03-24,17456,15646,1810,32776,28472,4304,151688,136912,14776,41057,37556,3501,51950.4
779,2024-03-25,17541,16059,1482,32877,28726,4151,150554,138324,12230,42356,37888,4468,51968.4
780,2024-03-26,17741,16010,1731,30805,26487,4318,152417,127408,25009,42907,34935,7972,52035.4
781,2024-03-27,18086,16411,1675,32296,28489,3807,155883,136642,19241,42523,37577,4946,52084.4
782,2024-03-28,18058,16306,1752,34151,30444,3707,156492,145969,10523,41588,40155,1433,52150.4
783,2024-03-29,18393,16750,1643,32177,28226,3951,158912,135639,23273,42630,37228,5402,52188.4
784,2024-03-30,18920,17065,1855,35069,30156,4913,163324,144864,18460,43262,39781,3481,52201.4
785,2024-03-31,19028,17076,1952,35222,30998,4224,163117,149243,13874,45560,40885,4675,52248.4
786,2024-04-01,18554,16486,2068,33321,28833,4488,159204,138481,20723,44778,38032,6746,52258.4
787,2024-04-02,18324,16657,1667,32223,27935,4288,157124,134112,23012,43176,36846,6330,52294.4
788,2024-04-03,17940,16242,1698,33363,28440,4923,153944,136636,17308,41802,37514,4288,52341.4
789,2024-04-04,17957,16127,1830,32037,28322,3715,155368,136175,19193,42799,37358,5441,52393.4
790,2024-04-05,18163,16302,1861,31531,27035,4496,157213,129859,27354,42009,35659,6350,52444.4
791,2024-04-06,18152,16222,1930,32455,28585,3870,156170,137328,18842,43659,37706,5953,52469.4
792,2024-04-07,18563,16981,1582,32501,28915,3586,159808,138854,20954,44987,38139,6848,52486.4
793,2024-04-08,18713,16855,1858,33495,29854,3641,160229,143369,16860,44785,39380,5405,52559.4
794,2024-04-09,19115,16998,2117,35584,30521,5063,165639,146561,19078,43466,40260,3206,52603.4
795,2024-04-10,18698,16923,1775,33005,29241,3764,161431,140177,21254,42470,38571,3899,52635.4
796,2024-04-11,18951,17427,1524,34220,29996,4224,163519,143801,19718,44631,39567,5064,52645.4
797,2024-04-12,19195,17113,2082,34067,29552,4515,165597,142282,23315,44164,38978,5186,52693.4
798,2024-04-13,19427,17600,1827,33818,29496,4322,167250,141881,25369,44418,38907,5511,52713.4
799,2024-04-14,19750,17678,2072,35205,31420,3785,170286,151096,19190,47642,41445,6197,52775.4
800,2024-04-15,19429,17487,1942,36464,31298,5166,167536,150715,16821,44952,41284,3668,52815.4
801,2024-04-16,18897,17385,1512,35239,31208,4031,161727,149844,11883,45360,41163,4197,52886.4
802,2024-04-17,18705,16775,1930,32616,28243,4373,162054,136045,26009,43482,37253,6229,52962.4
803,2024-04-18,19130,17211,1919,34186,30483,3703,164267,146862,17405,46095,40211,5884,53000.4
804,2024-04-19,19252,17676,1576,34802,29732,5070,164420,142599,21821,44537,39217,5320,53028.4
805,2024-04-20,19515,17969,1546,36228,31164,5064,167851,150178,17673,44429,41110,3319,53062.4
806,2024-04-21,20108,17898,2210,37634,32537,5097,171787,156241,15546,46701,42919,3782,53117.4
807,2024-04-22,20265,18138,2127,36753,32595,4158,175699,156649,19050,46861,42994,3867,53170.4
808,2024-04-23,19878,18275,1603,36719,32201,4518,171708,154773,16935,46410,42478,3932,53237.4
809,2024-04-24,19368,17607,1761,36557,31460,5097,167825,151279,16546,45307,41498,3809,53310.4
810,2024-04-25,19053,17073,1980,35540,31033,4507,163914,149172,14742,44779,40932,3847,53351.4
811,2024-04-26,19326,17743,1583,36369,32399,3970,166811,156046,10765,45526,42734,2792,53370.4
812,2024-04-27,19384,17736,1648,34198,30385,3813,167228,146049,21179,44673,40077,4596,53401.4
813,2024-04-28,18947,16921,2026,34414,30636,3778,161996,147246,14750,43614,40409,3205,53449.4
814,2024-04-29,18745,16976,1769,34889,30164,4725,161873,145038,16835,43413,39788,3625,53475.4
815,2024-04-30,18537,16981,1556,33368,29639,3729,160228,142432,17796,42213,39097,3116,53504.4
816,2024-05-01,18016,16198,1818,34000,30040,3960,155935,144309,11626,40953,39622,1331,53570.4
817,2024-05-02,17848,16080,1768,32617,27955,4662,155048,134339,20709,42782,36871,5911,53592.4
818,2024-05-03,17421,15885,1536,32436,28894,3542,150233,138926,11307,41684,38113,3571,53636.4
819,2024-05-04,17827,16113,1714,30868,27198,3670,154187,130443,23744,42669,35875,6794,53705.4
820,2024-05-05,17944,15985,1959,33432,28477,4955,153311,136666,16645,43121,37564,5557,53732.4
821,2024-05-06,18196,16246,1950,33513,29833,3680,155354,143275,12079,44145,39351,4794,53773.4
822,2024-05-07,17964,16542,1422,33482,28588,4894,154374,137484,16890,41763,37712,4051,53841.4
823,2024-05-08,17669,16194,1475,31928,27938,3990,150900,133887,17013,40418,36853,3565,53853.4
824,2024-05-09,17357,15413,1944,31330,27119,4211,150823,129998,20825,42121,35773,6348,53929.4
825,2024-05-10,17781,16256,1525,30872,27501,3371,153683,132418,21265,41023,36274,4749,53947.4
826,2024-05-11,18103,16137,1966,33273,28883,4390,156150,138867,17283,41229,38097,3132,53993.4
827,2024-05-12,18370,16729,1641,32716,29029,3687,158653,139706,18947,44414,38290,6124,54046.4
828,2024-05-13,18204,16401,1803,33331,29631,3700,157694,142353,15341,42007,39086,2921,54070.4
829,2024-05-14,18654,16771,1883,32785,28217,4568,161875,135745,26130,45130,37219,7911,54096.4
830,2024-05-15,18081,16465,1616,31881,28391,3490,156831,136344,20487,43137,37446,5691,54129.4
831,2024-05-16,17640,15879,1761,31678,27443,4235,150648,131723,18925,41118,36197,4921,54159.4
832,2024-05-17,17717,16106,1611,32420,27760,4660,154174,133206,20968,42892,36618,6274,54219.4
833,2024-05-18,17956,15995,1961,32833,27997,4836,153731,134704,19027,40786,36929,3857,54289.4
834,2024-05-19,18158,16520,1638,31538,27284,4254,155173,131119,24054,43797,35990,7807,54321.4
835,2024-05-20,18261,16586,1675,32101,28065,4036,156665,134678,21987,41988,37017,4971,54389.4
836,2024-05-21,18860,16812,2048,35739,31121,4618,163963,149356,14607,45456,41048,4408,54408.4
837,2024-05-22,18819,17269,1550,34943,31177,3766,161503,150030,11473,45482,41126,4356,54457.4
838,2024-05-23,18412,16708,1704,34695,30930,3765,157760,148731,9029,43950,40802,3148,54479.4
839,2024-05-24,18161,16633,1528,31608,27539,4069,156631,131988,24643,41128,36323,4805,54521.4
840,2024-05-25,17937,16548,1389,31110,27160,3950,156036,130636,25400,42683,35827,6856,54566.4
841,2024-05-26,17564,15958,1606,31054,27607,3447,150338,132727,17611,41462,36412,5050,54634.4
842,2024-05-27,18067,16501,1566,31372,26885,4487,154540,128787,25753,43686,35462,8224,54675.4
843,2024-05-28,18088,16515,1573,33709,29943,3766,155244,143887,11357,41899,39494,2405,54744.4
844,2024-05-29,18438,16796,1642,34773,30575,4198,159869,146604,13265,42372,40329,2043,54799.4
845,2024-05-30,18847,17150,1697,33620,29234,4386,163161,140526,22635,43775,38562,5213,54813.4
846,2024-05-31,18455,16415,2040,33114,29059,4055,157767,139792,17975,43848,38330,5518,54854.4
847,2024-06-01,17923,16057,1866,32289,27506,4783,154770,131809,22961,42541,36283,6258,54892.4
848,2024-06-02,17407,15765,1642,31709,27756,3953,148953,133708,15245,42312,36609,5703,54903.4
849,2024-06-03,17557,16203,1354,30960,27098,3862,152388,130046,22342,39823,35745,4078,54977.4
