,date,users,walk-run_users,bike_users,acts,walk-run_acts,bike_acts,distance,walk-run_distance,bike_distance,duration,walk-run_duration,bike_duration
0,2022-02-04,46850,42718,4132,75106,66033,9073,394137,318142,75995,99789,87106,12683
1,2022-02-06,54223,49428,4795,87197,77945,9252,457716,375695,82021,116716,102826,13890
2,2022-02-07,41184,37539,3645,64458,57720,6738,344698,278147,66551,87455,76143,11312
3,2022-02-08,43722,39454,4268,69732,61645,8087,365408,297102,68306,92012,81318,10694
4,2022-02-09,43206,39425,3781,68742,61407,7335,361035,295534,65501,91692,81007,10685
5,2022-02-10,43948,39731,4217,70476,62881,7595,369901,302852,67049,94165,82951,11214
6,2022-02-11,55578,50255,5323,88945,79071,9874,469656,381083,88573,121010,104305,16705
7,2022-02-12,52267,47366,4901,85993,76741,9252,440426,370127,70299,110533,101234,9299
8,2022-02-13,39934,36000,3934,61409,54706,6703,333418,263650,69768,82628,72167,10461
9,2022-02-14,52852,47883,4969,85521,76093,9428,446799,366586,80213,113865,100379,13486
10,2022-02-15,51132,46438,4694,82290,72872,9418,431337,351276,80061,109306,96133,13173
11,2022-02-16,53196,48063,5133,86053,76058,9995,448335,366794,81541,115403,100333,15070
12,2022-02-17,55882,50400,5482,91427,80935,10492,469587,389758,79829,119152,106770,12382
13,2022-02-18,50770,45949,4821,80360,71232,9128,427345,343556,83789,109882,93966,15916
14,2022-02-19,47026,42789,4237,75129,66592,8537,394551,321138,73413,99761,87847,11914
15,2022-02-20,52705,47520,5185,86323,76839,9484,442954,370061,72893,113092,101362,11730
16,2022-02-21,53278,48601,4677,86713,77428,9285,449462,373101,76361,113912,102140,11772
17,2022-02-22,43255,39156,4099,68335,59892,8443,363671,288246,75425,91696,79009,12687
18,2022-02-23,42233,38640,3593,65065,58151,6914,354327,280342,73985,89154,76711,12443
19,2022-02-24,44460,40504,3956,70490,61902,8588,374149,297973,76176,93034,81655,11379
20,2022-02-25,52829,47547,5282,87030,77215,9815,444554,371918,72636,114019,101863,12156
21,2022-02-26,53719,48702,5017,86200,76519,9681,453204,369107,84097,114827,100941,13886
22,2022-02-27,40167,36230,3937,63974,56063,7911,337556,269735,67821,84235,73955,10280
23,2022-02-28,50801,46053,4748,80539,71986,8553,427851,347080,80771,108290,94959,13331
24,2022-03-01,43919,39984,3935,69654,61319,8335,369557,295632,73925,92582,80889,11693
25,2022-03-02,41084,37244,3840,62571,55602,6969,344471,267747,76724,85096,73344,11752
26,2022-03-03,41826,37689,4137,66857,59295,7562,348847,285313,63534,88043,78222,9821
27,2022-03-04,50206,45587,4619,80482,71193,9289,421565,342884,78681,106307,93914,12393
28,2022-03-05,48347,44201,4146,78869,70364,8505,406718,338802,67916,103271,92821,10450
29,2022-03-06,50217,45859,4358,80842,71165,9677,422925,343133,79792,107677,93877,13800
30,2022-03-07,53177,48276,4901,86267,77239,9028,448411,372546,75865,115198,101889,13309
31,2022-03-08,55594,50449,5145,88893,78714,10179,467213,379356,87857,119216,103837,15379
32,2022-03-09,50752,45901,4851,80517,71783,8734,426357,345710,80647,107946,94694,13252
33,2022-03-10,44996,40743,4253,71364,63096,8268,377398,304088,73310,96812,83234,13578
34,2022-03-11,47062,42732,4330,73509,65500,8009,395621,315583,80038,100113,86403,13710
35,2022-03-12,56053,50578,5475,91487,81434,10053,472488,392321,80167,120212,107427,12785
36,2022-03-13,53976,49189,4787,87243,77837,9406,453445,375474,77971,114946,102678,12268
37,2022-03-14,47361,43204,4157,74604,66249,8355,398656,319215,79441,101755,87395,14360
38,2022-03-15,45934,41416,4518,72214,64139,8075,386796,309015,77781,98426,84611,13815
39,2022-03-16,46011,42047,3964,73445,65623,7822,386933,316278,70655,98895,86566,12329
40,2022-03-17,46594,41996,4598,72633,64252,8381,390468,309432,81036,100572,84755,15817
41,2022-03-18,51926,46960,4966,83500,74423,9077,436550,358961,77589,110734,98178,12556
42,2022-03-19,55467,49995,5472,89388,79812,9576,468236,384663,83573,120080,105286,14794
43,2022-03-20,48015,43813,4202,78450,70076,8374,404557,337470,67087,103152,92442,10710
44,2022-03-21,44122,39869,4253,69813,61339,8474,368264,295709,72555,91740,80917,10823
45,2022-03-22,48737,44183,4554,79069,69919,9150,411458,336659,74799,102990,92234,10756
46,2022-03-23,48518,44061,4457,79204,70781,8423,408548,340784,67764,104125,93372,10753
47,2022-03-24,51343,46630,4713,83671,74502,9169,431261,358806,72455,108879,98284,10595
48,2022-03-25,45896,41362,4534,72241,64182,8059,383912,309214,74698,97615,84667,12948
49,2022-03-26,51501,46719,4782,82532,73732,8800,434605,355159,79446,111255,97262,13993
50,2022-03-27,51911,46846,5065,85282,76294,8988,438362,367556,70806,110940,100642,10298
51,2022-03-28,54859,49437,5422,89389,80120,9269,462465,386158,76307,119307,105689,13618
52,2022-03-29,49173,44313,4860,77776,69559,8217,414995,334936,80059,106266,91761,14505
53,2022-03-30,50293,45675,4618,81059,72588,8471,421479,350148,71331,107762,95758,12004
54,2022-03-31,42759,38700,4059,68572,60161,8411,358415,290001,68414,89954,79360,10594
55,2022-04-01,55365,50049,5316,90853,80477,10376,465384,388094,77290,118471,106160,12311
56,2022-04-02,56279,51364,4915,93137,83024,10113,474140,400548,73592,121694,109522,12172
57,2022-04-03,56537,51490,5047,92165,81804,10361,477091,394549,82542,123062,107913,15149
58,2022-04-04,54860,49481,5379,87623,78119,9504,462126,376537,85589,118256,103053,15203
59,2022-04-05,52500,47928,4572,83619,74112,9507,443188,357030,86158,111859,97767,14092
60,2022-04-06,40360,36482,3878,63658,56421,7237,336071,271567,64504,83709,74427,9282
61,2022-04-07,52164,47248,4916,85081,76164,8917,440569,366842,73727,112927,100475,12452
62,2022-04-08,54759,49572,5187,89575,79187,10388,460170,381364,78806,119227,104458,14769
63,2022-04-09,44171,39753,4418,69126,60928,8198,371561,293340,78221,94622,80374,14248
64,2022-04-10,41976,38183,3793,65538,58624,6914,350803,282536,68267,86975,77334,9641
65,2022-04-11,53772,48930,4842,87150,77175,9975,454364,371707,82657,115330,101806,13524
66,2022-04-12,56032,50458,5574,90619,80716,9903,473423,389214,84209,119437,106476,12961
67,2022-04-13,51622,46623,4999,84464,75511,8953,434075,364309,69766,109951,99611,10340
68,2022-04-14,49619,44800,4819,80397,71378,9019,417277,343992,73285,106896,94162,12734
69,2022-04-15,43725,39370,4355,68872,60453,8419,366088,291165,74923,93922,79749,14173
70,2022-04-16,54912,49886,5026,90473,80059,10414,461495,386007,75488,118953,105611,13342
71,2022-04-17,53243,48400,4843,86331,76170,10161,449154,367002,82152,115207,100483,14724
72,2022-04-18,51541,46419,5122,83608,74597,9011,434739,359530,75209,111657,98405,13252
73,2022-04-19,43272,39391,3881,67280,59913,7367,363221,288668,74553,91165,79033,12132
74,2022-04-20,49230,44623,4607,80538,71702,8836,415133,345840,69293,103888,94586,9302
75,2022-04-21,43939,39819,4120,68929,60487,8442,369471,291666,77805,93469,79789,13680
76,2022-04-22,48729,44172,4557,79755,70836,8919,409912,341661,68251,105104,93443,11661
77,2022-04-23,56715,51348,5367,92074,82029,10045,478263,395224,83039,122309,108208,14101
78,2022-04-24,41100,37574,3526,63748,55855,7893,343270,269388,73882,84926,73681,11245
79,2022-04-25,57394,51736,5658,94371,84575,9796,484474,407833,76641,123873,111568,12305
80,2022-04-26,50237,45489,4748,81218,72288,8930,424077,348088,75989,106670,95362,11308
81,2022-04-27,41411,37561,3850,66597,58753,7844,346980,283056,63924,87503,77505,9998
82,2022-04-28,41537,37444,4093,63400,56210,7190,347249,270472,76777,88154,74152,14002
83,2022-04-29,43969,40213,3756,68309,60602,7707,368040,292037,76003,92425,79943,12482
84,2022-04-30,43698,39508,4190,70111,62420,7691,366822,300602,66220,92325,82344,9981
85,2022-05-01,41332,37870,3462,63357,55820,7537,346636,268697,77939,87680,73635,14045
86,2022-05-02,46596,42051,4545,74617,66024,8593,391764,318092,73672,100569,87097,13472
87,2022-05-03,48601,44274,4327,79129,69773,9356,410254,336455,73799,104939,92043,12896
88,2022-05-04,55640,50676,4964,91647,81829,9818,468870,394153,74717,118697,107949,10748
89,2022-05-05,57189,52047,5142,92793,82308,10485,482392,396983,85409,122796,108576,14220
90,2022-05-06,56084,50857,5227,91970,81160,10810,474516,391312,83204,120743,107063,13680
91,2022-05-07,55098,50192,4906,90334,80339,9995,462900,386877,76023,118054,105984,12070
92,2022-05-08,41785,37995,3790,67248,59976,7272,351180,289073,62107,88577,79115,9462
93,2022-05-09,43824,39553,4271,69768,61290,8478,366688,295377,71311,92919,80852,12067
94,2022-05-10,45980,41959,4021,73487,64952,8535,384926,313123,71803,96740,85682,11058
95,2022-05-11,46544,42544,4000,75516,66999,8517,390827,323093,67734,97281,88383,8898
96,2022-05-12,43907,40093,3814,68742,60604,8138,368784,292207,76577,93474,79945,13529
97,2022-05-13,47695,43048,4647,75248,66249,8999,400049,319490,80559,100908,87395,13513
98,2022-05-14,56297,50832,5465,91077,81577,9500,473298,392957,80341,120865,107615,13250
99,2022-05-15,39882,36566,3316,62084,54765,7319,334039,264084,69955,82556,72244,10312
100,2022-05-16,52364,47805,4559,83561,74890,8671,440637,360572,80065,112938,98792,14146
101,2022-05-17,42803,38984,3819,65957,59077,6880,357034,284758,72276,89416,77930,11486
102,2022-05-18,43181,39484,3697,67814,59646,8168,360821,287423,73398,90566,78679,11887
103,2022-05-19,51757,46821,4936,83808,75079,8729,434033,361703,72330,110876,99040,11836
104,2022-05-20,41325,37771,3554,65155,58125,7030,345901,279862,66039,87262,76678,10584
105,2022-05-21,41805,38163,3642,67224,59543,7681,349069,287188,61881,88863,78544,10319
106,2022-05-22,52538,47687,4851,84370,75316,9054,442728,362784,79944,113134,99355,13779
107,2022-05-23,50405,45530,4875,82320,73103,9217,425363,352052,73311,108267,96437,11830
108,2022-05-24,46519,42459,4060,74867,66432,8435,389899,320355,69544,99416,87634,11782
109,2022-05-25,53727,48770,4957,87452,78160,9292,452760,376846,75914,116230,103106,13124
110,2022-05-26,53707,49011,4696,87977,78682,9295,453636,378973,74663,115496,103795,11701
111,2022-05-27,45029,40942,4087,73185,64937,8248,376720,313078,63642,94342,85659,8683
112,2022-05-28,42190,37997,4193,65539,58185,7354,353576,280578,72998,87876,76758,11118
113,2022-05-29,56169,50828,5341,91452,80770,10682,472124,389238,82886,122455,106550,15905
114,2022-05-30,45981,41382,4599,73639,65199,8440,386315,314099,72216,96074,86009,10065
115,2022-05-31,46380,42331,4049,73107,65359,7748,390756,314995,75761,97367,86218,11149
116,2022-06-01,48105,43682,4423,78146,68916,9230,403656,331819,71837,102459,90910,11549
117,2022-06-02,56322,50908,5414,92164,82464,9700,476246,397159,79087,120364,108788,11576
118,2022-06-03,43023,38844,4179,66842,58850,7992,358927,283523,75404,90692,77634,13058
119,2022-06-04,47094,42558,4536,75871,67019,8852,395597,322728,72869,99148,88412,10736
120,2022-06-05,41494,37465,4029,63329,56103,7226,345794,270166,75628,86807,74005,12802
121,2022-06-06,43390,39713,3677,67674,60621,7053,362571,291994,70577,92868,79971,12897
122,2022-06-07,44656,40231,4425,72146,64523,7623,375737,310827,64910,95295,85115,10180
123,2022-06-08,56483,51357,5126,92768,83105,9663,477398,400861,76537,120501,109630,10871
124,2022-06-09,47776,43323,4453,75307,66722,8585,401370,321127,80243,100802,88015,12787
125,2022-06-10,39937,36555,3382,62762,56193,6569,332309,270887,61422,82115,74125,7990
126,2022-06-11,57628,51979,5649,92846,81947,10899,484627,394834,89793,124536,108104,16432
127,2022-06-12,52077,47157,4920,85846,76658,9188,439408,369104,70304,111698,101127,10571
128,2022-06-13,57400,52171,5229,92366,81947,10419,484939,395215,89724,125889,108099,17790
129,2022-06-14,51503,46843,4660,84962,76099,8863,435194,366986,68208,111034,100386,10648
130,2022-06-15,53184,48224,4960,86239,76579,9660,449214,369065,80149,115145,101018,14127
131,2022-06-16,40874,37017,3857,64848,57836,7012,340726,278712,62014,86654,76292,10362
132,2022-06-17,43817,39819,3998,70360,61911,8449,368628,298109,70519,91073,81672,9401
133,2022-06-18,57110,51816,5294,94430,84471,9959,482659,407031,75628,124940,111435,13505
134,2022-06-19,54855,49636,5219,89708,79357,10351,462012,382171,79841,119251,104684,14567
135,2022-06-20,51393,46427,4966,82479,73326,9153,432701,353359,79342,110866,96727,14139
136,2022-06-21,41419,37628,3791,64307,57313,6994,345326,276274,69052,87630,75604,12026
137,2022-06-22,45781,41719,4062,73325,65541,7784,385169,315815,69354,98674,86460,12214
138,2022-06-23,41404,37512,3892,65994,58729,7265,346091,283274,62817,87880,77470,10410
139,2022-06-24,51966,47085,4881,82740,73829,8911,437214,356011,81203,110213,97396,12817
140,2022-06-25,41462,37498,3964,66695,58674,8021,345482,282427,63055,86072,77400,8672
141,2022-06-26,43632,39533,4099,69049,60579,8470,365196,291616,73580,92662,79915,12747
142,2022-06-27,54594,49294,5300,89595,80015,9580,461157,385316,75841,116076,105551,10525
143,2022-06-28,49698,45267,4431,79899,70526,9373,417431,339698,77733,107495,93037,14458
144,2022-06-29,56475,51134,5341,93550,83212,10338,478030,400929,77101,121532,109774,11758
145,2022-06-30,51962,47463,4499,82479,73839,8640,437692,355653,82039,111211,97403,13808
146,2022-07-01,46824,42746,4078,75129,67086,8043,392262,322972,69290,99317,88500,10817
147,2022-07-02,56916,51522,5394,94444,83508,10936,481785,402301,79484,122452,110162,12290
148,2022-07-03,45164,40777,4387,71299,63593,7706,378281,306155,72126,97247,83887,13360
149,2022-07-04,49327,44944,4383,77759,69015,8744,413949,332383,81566,104567,91041,13526
150,2022-07-05,43633,39435,4198,68448,61162,7286,364862,294947,69915,91921,80684,11237
151,2022-07-06,41401,37589,3812,65930,58051,7879,347922,279841,68081,86871,76579,10292
152,2022-07-07,49762,45184,4578,81228,72172,9056,418107,348122,69985,106296,95209,11087
153,2022-07-08,42036,38246,3790,67485,60062,7423,351529,289198,62331,88038,79232,8806
154,2022-07-09,49509,44736,4773,78296,69110,9186,415835,332671,83164,104834,91170,13664
155,2022-07-10,40263,36381,3882,62090,54797,7293,338242,264060,74182,83990,72287,11703
156,2022-07-11,55866,50387,5479,90557,80948,9609,471849,390496,81353,119458,106787,12671
157,2022-07-12,54866,49997,4869,90477,80223,10254,464257,386982,77275,117197,105826,11371
158,2022-07-13,52753,47879,4874,86949,77854,9095,444527,374945,69582,113406,102702,10704
159,2022-07-14,55263,49820,5443,91606,81405,10201,466376,392462,73914,120858,107385,13473
160,2022-07-15,41016,37567,3449,63580,56639,6941,341707,273105,68602,86814,74715,12099
161,2022-07-16,48891,44126,4765,79973,70723,9250,412805,340895,71910,105171,93294,11877
162,2022-07-17,49101,44344,4757,78578,69223,9355,411537,333244,78293,105968,91313,14655
163,2022-07-18,43590,39825,3765,67544,60360,7184,363793,290470,73323,92127,79626,12501
164,2022-07-19,45901,41348,4553,73420,64504,8916,383608,310640,72968,97260,85093,12167
165,2022-07-20,50144,45340,4804,80398,71437,8961,423043,344507,78536,108140,94239,13901
166,2022-07-21,43199,39316,3883,67682,60495,7187,363621,291431,72190,91454,79805,11649
167,2022-07-22,55446,50000,5446,89777,80182,9595,466011,386857,79154,118141,105775,12366
168,2022-07-23,52906,47974,4932,85777,75737,10040,446144,364796,81348,112831,99910,12921
169,2022-07-24,54512,49613,4899,89844,80074,9770,459644,386138,73506,118178,105633,12545
170,2022-07-25,44790,40506,4284,71543,63782,7761,375509,307129,68380,93537,84140,9397
171,2022-07-26,42139,37937,4202,65984,58105,7879,354270,280177,74093,87308,76650,10658
172,2022-07-27,46661,42155,4506,75149,67045,8104,393442,323135,70307,99389,88444,10945
173,2022-07-28,52265,47323,4942,85964,76966,8998,438911,370924,67987,113278,101529,11749
174,2022-07-29,56222,50863,5359,90139,80097,10042,473836,386208,87628,120928,105661,15267
175,2022-07-30,49740,44997,4743,81712,73229,8483,417658,352747,64911,106785,96600,10185
176,2022-07-31,49348,44699,4649,79302,70393,8909,414243,338876,75367,106686,92863,13823
177,2022-08-01,54923,49798,5125,89005,78994,10011,463286,380588,82698,117241,104206,13035
178,2022-08-02,42304,38546,3758,67483,59549,7934,352920,286983,65937,87220,78555,8665
179,2022-08-03,54012,49097,4915,87386,77612,9774,454102,374440,79662,114670,102383,12287
180,2022-08-04,53040,48158,4882,86651,77479,9172,445960,373508,72452,113968,102211,11757
181,2022-08-05,47970,43282,4688,76824,68344,8480,402644,329596,73048,102163,90154,12009
182,2022-08-06,42488,38394,4094,67422,59856,7566,355980,288177,67803,89667,78961,10706
183,2022-08-07,47281,42789,4492,74628,65646,8982,398922,316001,82921,102262,86595,15667
184,2022-08-08,40215,36194,4021,61093,54173,6920,335743,260590,75153,82342,71461,10881
185,2022-08-09,51136,46584,4552,81972,72476,9496,429034,349037,79997,108133,95607,12526
186,2022-08-10,43024,39065,3959,68899,60958,7941,359478,293659,65819,90780,80410,10370
187,2022-08-11,45039,40755,4284,69865,62502,7363,377059,301454,75605,95901,82450,13451
188,2022-08-12,40422,36689,3733,62831,55148,7683,339162,265492,73670,85882,72745,13137
189,2022-08-13,56347,50852,5495,91539,80956,10583,476493,389928,86565,123349,106796,16553
190,2022-08-14,40740,36917,3823,63153,55235,7918,340015,265965,74050,86264,72860,13404
191,2022-08-15,40816,37127,3689,64252,57485,6767,341388,276966,64422,84928,75828,9100
192,2022-08-16,55286,50112,5174,88331,79033,9298,464801,381291,83510,118173,104256,13917
193,2022-08-17,50462,45842,4620,81351,72351,9000,424324,348472,75852,106819,95441,11378
194,2022-08-18,41899,38177,3722,66964,58923,8041,351326,283564,67762,86243,77729,8514
195,2022-08-19,57267,52190,5077,94152,84345,9807,484070,406457,77613,122841,111266,11575
196,2022-08-20,51812,47149,4663,83370,73529,9841,437009,354172,82837,110510,96994,13516
197,2022-08-21,56852,51537,5315,94267,83624,10643,480664,403124,77540,121740,110318,11422
198,2022-08-22,50160,45854,4306,80717,71995,8722,421129,346744,74385,106191,94973,11218
199,2022-08-23,55722,50605,5117,91256,81431,9825,469358,392489,76869,119449,107423,12026
200,2022-08-24,48482,43922,4560,77600,68769,8831,408172,331073,77099,101714,90715,10999
201,2022-08-25,42137,38353,3784,65886,57845,8041,351134,278844,72290,89407,76306,13101
202,2022-08-26,46487,42181,4306,74723,66642,8081,391265,321326,69939,98066,87909,10157
203,2022-08-27,57072,51821,5251,91859,82124,9735,481043,395603,85440,125214,108338,16876
204,2022-08-28,51173,46693,4480,83790,74403,9387,429528,358332,71196,110522,98150,12372
205,2022-08-29,41975,38316,3659,66570,58650,7920,353190,282629,70561,87881,77365,10516
206,2022-08-30,51624,46914,4710,83551,74305,9246,435593,357913,77680,111908,98020,13888
207,2022-08-31,52652,47855,4797,85880,75719,10161,443185,364955,78230,113150,99883,13267
208,2022-09-01,49017,44633,4384,77086,68122,8964,413596,327964,85632,103583,89861,13722
209,2022-09-02,47238,42551,4687,77034,67831,9203,395329,327159,68170,100769,89479,11290
210,2022-09-03,49661,44945,4716,78917,69687,9230,417596,335725,81871,106916,91927,14989
211,2022-09-04,43507,39602,3905,70129,61872,8257,363446,298078,65368,92988,81621,11367
212,2022-09-05,51089,46109,4980,81306,72275,9031,431701,348006,83695,108908,95345,13563
213,2022-09-06,55517,50477,5040,91014,80514,10500,468275,388337,79938,118583,106212,12371
214,2022-09-07,40089,36348,3741,61674,54210,7464,334538,260964,73574,85279,71510,13769
215,2022-09-08,44183,40256,3927,69339,61950,7389,369102,298465,70637,93812,81724,12088
216,2022-09-09,48296,43583,4713,76420,67319,9101,405081,324352,80729,104052,88803,15249
217,2022-09-10,42497,38253,4244,65449,57999,7450,355404,279008,76396,87672,76507,11165
218,2022-09-11,52408,47611,4797,86223,76584,9639,443017,368922,74095,112916,101030,11886
219,2022-09-12,54473,49717,4756,88219,78857,9362,460623,380085,80538,117035,104027,13008
220,2022-09-13,41846,37888,3958,64457,56653,7804,350317,272998,77319,86420,74731,11689
221,2022-09-14,49547,45186,4361,79893,71055,8838,418185,342597,75588,106900,93733,13167
222,2022-09-15,41715,38154,3561,65997,58965,7032,348803,283685,65118,86472,77783,8689
223,2022-09-16,49400,44944,4456,78558,69714,8844,416724,335865,80859,106295,91964,14331
224,2022-09-17,48628,44000,4628,77776,69068,8708,410490,332754,77736,102480,91113,11367
225,2022-09-18,53579,48570,5009,86516,76410,10106,451591,367912,83679,113918,100798,13120
226,2022-09-19,44425,40110,4315,71987,64426,7561,373263,310646,62617,94697,84987,9710
227,2022-09-20,48886,44065,4821,78043,69236,8807,412235,333657,78578,104600,91335,13265
228,2022-09-21,46009,41756,4253,71777,64048,7729,385652,308809,76843,98781,84489,14292
229,2022-09-22,47468,43168,4300,75230,67408,7822,400378,324607,75771,102407,88920,13487
230,2022-09-23,45870,41800,4070,73030,65305,7725,385780,314671,71109,98435,86151,12284
231,2022-09-24,55295,50115,5180,90421,80920,9501,466535,389938,76597,120029,106748,13281
232,2022-09-25,48737,43906,4831,77472,69342,8130,410068,334381,75687,102673,91470,11203
233,2022-09-26,48459,43782,4677,77811,68815,8996,407017,331235,75782,101769,90780,10989
234,2022-09-27,51746,46965,4781,81960,72316,9644,437382,348176,89206,109327,95394,13933
235,2022-09-28,47510,43261,4249,74937,67149,7788,398941,323684,75257,100794,88580,12214
236,2022-09-29,39925,36598,3327,62819,55102,7717,332953,265316,67637,83856,72684,11172
237,2022-09-30,44400,40399,4001,70785,62771,8014,371858,302767,69091,93719,82804,10915
238,2022-10-01,44019,39882,4137,69180,61972,7208,369071,298720,70351,91967,81752,10215
239,2022-10-02,53400,48227,5173,87219,77931,9288,449883,375493,74390,116385,102807,13578
240,2022-10-03,44257,40015,4242,69765,62482,7283,371795,301402,70393,93199,82422,10777
241,2022-10-04,57394,52093,5301,95329,84488,10841,484922,407101,77821,123675,111456,12219
242,2022-10-05,41538,37433,4105,66451,58212,8239,347225,280123,67102,87247,76787,10460
243,2022-10-06,54805,49723,5082,89932,80433,9499,462319,387388,74931,116821,106104,10717
244,2022-10-07,54260,49031,5229,89407,79515,9892,458791,383300,75491,118041,104897,13144
245,2022-10-08,51644,46573,5071,83198,74441,8757,436396,358995,77401,109417,98203,11214
246,2022-10-09,46775,42584,4191,75716,66567,9149,391434,320869,70565,97709,87813,9896
247,2022-10-10,52777,47563,5214,85299,76365,8934,446236,367715,78521,112307,100737,11570
248,2022-10-11,45842,41370,4472,74356,66611,7745,384284,321131,63153,97450,87873,9577
249,2022-10-12,47412,42875,4537,74528,66319,8209,397609,319665,77944,100978,87482,13496
250,2022-10-13,53580,48653,4927,88239,78030,10209,451097,375917,75180,114330,102932,11398
251,2022-10-14,49702,45145,4557,80823,71760,9063,417875,345498,72377,107030,94666,12364
252,2022-10-15,53350,48182,5168,85731,76836,8895,449137,370517,78620,115611,101363,14248
253,2022-10-16,41623,37962,3661,66020,58554,7466,347379,281920,65459,86527,77241,9286
254,2022-10-17,47082,42942,4140,73754,65910,7844,396627,317450,79177,100489,86946,13543
255,2022-10-18,41308,37783,3525,66069,58363,7706,345724,281167,64557,87222,76989,10233
256,2022-10-19,48662,44265,4397,77021,68194,8827,408692,328692,80000,103226,89958,13268
257,2022-10-20,46037,41672,4365,74324,66105,8219,385989,318259,67730,96749,87205,9544
258,2022-10-21,54552,49591,4961,88594,79430,9164,459058,382525,76533,116461,104785,11676
259,2022-10-22,46657,42466,4191,75611,67682,7929,390306,326219,64087,100627,89280,11347
260,2022-10-23,57141,51899,5242,93687,82797,10890,483483,398733,84750,123752,109221,14531
261,2022-10-24,53565,48743,4822,86379,76669,9710,451292,369898,81394,114866,101142,13724
262,2022-10-25,56536,50887,5649,93398,83255,10143,476401,401349,75052,120804,109831,10973
263,2022-10-26,56030,50920,5110,90971,81484,9487,474112,392795,81317,119623,107494,12129
264,2022-10-27,50777,46041,4736,80523,70927,9596,426615,341812,84803,108842,93562,15280
265,2022-10-28,44388,40390,3998,71327,62927,8400,372594,303071,69523,94858,83012,11846
266,2022-10-29,55036,50094,4942,91204,81632,9572,463189,393265,69924,120068,107686,12382
267,2022-10-30,44923,41087,3836,70680,62209,8471,377995,299801,78194,96221,82063,14158
268,2022-10-31,53942,48772,5170,87510,78262,9248,453361,377352,76009,115323,103242,12081
269,2022-11-01,55708,50261,5447,90056,79615,10441,469060,383947,85113,119575,105029,14546
270,2022-11-02,51237,46662,4575,83301,74400,8901,431291,358711,72580,108601,98145,10456
271,2022-11-03,55261,49936,5325,90964,81421,9543,465694,392139,73555,119870,107406,12464
272,2022-11-04,43595,39914,3681,68732,60916,7816,364441,293567,70874,92543,80357,12186
273,2022-11-05,48302,43883,4419,76643,68168,8475,406416,328679,77737,102122,89926,12196
274,2022-11-06,57089,51980,5109,94534,84794,9740,480178,409091,71087,124089,111858,12231
275,2022-11-07,44603,40636,3967,69407,61255,8152,375163,295042,80121,95523,80804,14719
276,2022-11-08,50063,45358,4705,80325,70935,9390,420395,341977,78418,106432,93573,12859
277,2022-11-09,47700,43444,4256,77175,68185,8990,399559,328772,70787,102178,89944,12234
278,2022-11-10,42695,38601,4094,67438,60202,7236,356998,289714,67284,88563,79416,9147
279,2022-11-11,48292,43531,4761,77086,68735,8351,406283,331538,74745,104256,90676,13580
280,2022-11-12,56080,50684,5396,91824,81546,10278,472085,393313,78772,119705,107574,12131
281,2022-11-13,40468,36850,3618,64836,57317,7519,337478,276368,61110,83391,75613,7778
282,2022-11-14,52707,47846,4861,86573,76916,9657,443971,370863,73108,112408,101462,10946
283,2022-11-15,53666,48811,4855,88418,78784,9634,452533,379446,73087,116489,103930,12559
284,2022-11-16,54603,49259,5344,89249,78767,10482,459194,379649,79545,117131,103908,13223
285,2022-11-17,40061,36491,3570,61251,53512,7739,335691,257843,77848,82200,70588,11612
286,2022-11-18,53681,48701,4980,88468,78116,10352,450679,376755,73924,114084,103049,11035
287,2022-11-19,40528,36789,3739,63541,56375,7166,340031,271502,68529,84797,74365,10432
288,2022-11-20,49572,44979,4593,78153,69445,8708,416611,334588,82023,104992,91606,13386
289,2022-11-21,52971,48086,4885,84750,75087,9663,445057,362065,82992,114687,99052,15635
290,2022-11-22,47829,43280,4549,76005,67413,8592,401814,324664,77150,100641,88931,11710
291,2022-11-23,52912,47969,4943,86960,77742,9218,444848,374355,70493,112799,102556,10243
292,2022-11-24,49012,44494,4518,77274,68476,8798,410726,330283,80443,105943,90333,15610
293,2022-11-25,46987,42576,4411,73493,64798,8695,394547,311941,82606,99272,85477,13795
294,2022-11-26,48247,43944,4303,76639,68637,8002,404316,330982,73334,102724,90546,12178
295,2022-11-27,49790,45153,4637,79490,70233,9257,419623,338685,80938,106171,92651,13520
296,2022-11-28,57425,52292,5133,93513,82713,10800,485621,398721,86900,124636,109115,15521
297,2022-11-29,48255,43831,4424,78586,69327,9259,404581,334236,70345,102367,91457,10910
298,2022-11-30,45288,41413,3875,71342,63156,8186,378749,304345,74404,94389,83314,11075
299,2022-12-01,40876,36984,3892,63321,55718,7603,342987,268320,74667,86006,73500,12506
300,2022-12-02,40783,36892,3891,62323,54616,7707,340938,263267,77671,86859,72044,14815
301,2022-12-03,46184,41960,4224,72231,64002,8229,387814,308264,79550,97139,84426,12713
302,2022-12-04,50665,45615,5050,81898,73421,8477,427453,354210,73243,109935,96856,13079
303,2022-12-05,49692,45339,4353,78242,68890,9352,416502,331743,84759,107726,90874,16852
304,2022-12-06,55633,50311,5322,90092,80766,9326,469249,389356,79893,121096,106546,14550
305,2022-12-07,44069,39697,4372,69650,61594,8056,370504,296651,73853,94601,81255,13346
306,2022-12-08,46502,42503,3999,75726,66854,8872,392198,321787,70411,99082,88188,10894
307,2022-12-09,41494,37689,3805,64464,56425,8039,345883,271518,74365,88156,74430,13726
308,2022-12-10,57563,52322,5241,95063,84889,10174,487026,409009,78017,123456,111986,11470
309,2022-12-11,51831,46767,5064,82843,74054,8789,434874,356862,78012,110931,97691,13240
310,2022-12-12,56838,51408,5430,94262,83988,10274,479149,405145,74004,123459,110798,12661
311,2022-12-13,54881,49743,5138,89008,79363,9645,463501,382453,81048,116662,104696,11966
312,2022-12-14,45647,41382,4265,73499,64827,8672,384248,312289,71959,95105,85514,9591
313,2022-12-15,49876,45311,4565,80445,72039,8406,419702,346932,72770,106603,95033,11570
314,2022-12-16,55317,50285,5032,90358,80067,10291,465869,386124,79745,118437,105620,12817
315,2022-12-17,52640,48037,4603,85886,76394,9492,444766,368421,76345,112648,100780,11868
316,2022-12-18,54830,49972,4858,89221,79512,9709,463016,382881,80135,119399,104890,14509
317,2022-12-19,56387,51349,5038,93671,83439,10232,473921,402453,71468,121889,110069,11820
318,2022-12-20,40985,37448,3537,64752,56962,7790,342148,274072,68076,86573,75141,11432
319,2022-12-21,55081,50095,4986,91355,80635,10720,464015,388807,75208,118650,106375,12275
320,2022-12-22,48157,43888,4269,76879,68273,8606,406190,328687,77503,101186,90064,11122
321,2022-12-23,42333,38646,3687,66835,59027,7808,352985,284118,68867,89222,77864,11358
322,2022-12-24,47982,43425,4557,78210,69805,8405,403216,336458,66758,101517,92083,9434
323,2022-12-25,51940,47054,4886,83253,74056,9197,438756,356537,82219,110890,97694,13196
324,2022-12-26,55482,50542,4940,88736,79180,9556,467759,381578,86181,120048,104453,15595
325,2022-12-27,44929,40995,3934,72723,64985,7738,378644,312762,65882,93392,85724,7668
326,2022-12-28,44518,40446,4072,72074,64418,7656,374373,310668,63705,93689,84974,8715
327,2022-12-29,46983,42297,4686,75465,67575,7890,394061,325552,68509,98191,89143,9048
328,2022-12-30,56282,51192,5090,90760,80231,10529,474575,387094,87481,121851,105836,16015
329,2022-12-31,42711,38767,3944,68194,60139,8055,357248,289770,67478,91381,79331,12050
330,2023-01-01,53358,48080,5278,88089,77732,10357,448392,374993,73399,113760,102540,11220
331,2023-01-02,51474,47013,4461,81684,72788,8896,434945,350641,84304,109678,96019,13659
332,2023-01-03,53717,48831,4886,87483,78035,9448,454206,375755,78451,114936,102939,11997
333,2023-01-04,56581,51364,5217,91974,81329,10645,477671,391789,85882,120653,107287,13366
334,2023-01-05,41591,37548,4043,65363,57616,7747,346560,277733,68827,85495,76006,9489
335,2023-01-06,47059,42743,4316,75022,67214,7808,396031,324016,72015,99762,88663,11099
336,2023-01-07,54111,49411,4700,87476,77769,9707,457591,375096,82495,115485,102594,12891
337,2023-01-08,45297,41351,3946,70973,62825,8148,379902,302567,77335,96448,82874,13574
338,2023-01-09,55326,50461,4865,91701,82083,9618,467741,395834,71907,119529,108280,11249
339,2023-01-10,48278,44094,4184,77612,69406,8206,404108,334519,69589,103731,91556,12175
340,2023-01-11,43289,39257,4032,69907,62400,7507,363055,300339,62716,91550,82315,9235
341,2023-01-12,54801,49627,5174,89785,80140,9645,461580,386534,75046,117246,105716,11530
342,2023-01-13,43515,39544,3971,68997,61477,7520,364428,296310,68118,91724,81095,10629
343,2023-01-14,48452,44235,4217,79109,69907,9202,406069,337131,68938,104843,92222,12621
344,2023-01-15,55944,50579,5365,91952,81217,10735,471892,391600,80292,119610,107138,12472
345,2023-01-16,39804,36013,3791,61352,54374,6978,332058,261646,70412,82122,71726,10396
346,2023-01-17,55757,50610,5147,91251,80919,10332,471316,389671,81645,121547,106749,14798
347,2023-01-18,54092,49084,5008,87855,77764,10091,457195,374871,82324,115030,102585,12445
348,2023-01-19,55582,50464,5118,91446,80976,10470,468234,390587,77647,120021,106822,13199
349,2023-01-20,51785,46834,4951,84873,75517,9356,437152,363620,73532,111282,99620,11662
350,2023-01-21,54056,48953,5103,88948,79182,9766,455311,381516,73795,115719,104455,11264
351,2023-01-22,55780,50638,5142,90798,80171,10627,471476,386760,84716,119664,105763,13901
352,2023-01-23,53199,48321,4878,85039,75718,9321,448103,365305,82798,114549,99887,14662
353,2023-01-24,48723,44461,4262,79070,70647,8423,408041,340295,67746,103967,93195,10772
354,2023-01-25,47922,43834,4088,75736,66993,8743,404030,322594,81436,100831,88374,12457
355,2023-01-26,52048,47187,4861,84803,75938,8865,438581,366105,72476,112945,100172,12773
356,2023-01-27,44377,40057,4320,70460,62462,7998,373385,301154,72231,94205,82395,11810
357,2023-01-28,52335,47256,5079,84452,75149,9303,442442,362306,80136,113287,99134,14153
358,2023-01-29,40596,36790,3806,63449,56441,7008,337913,272060,65853,83650,74457,9193
359,2023-01-30,55887,50677,5210,91667,82173,9494,471633,395944,75689,119890,108404,11486
360,2023-01-31,47027,42754,4273,73486,64954,8532,395955,313016,82939,98674,85682,12992
361,2023-02-01,51224,46472,4752,81485,72311,9174,432425,348460,83965,108352,95392,12960
362,2023-02-02,49298,44626,4672,78623,69813,8810,414393,336568,77825,106251,92094,14157
363,2023-02-03,56337,51377,4960,93188,83370,9818,475578,401960,73618,120587,109980,10607
364,2023-02-04,50606,45989,4617,80523,72204,8319,425549,347637,77912,109249,95250,13999
365,2023-02-05,52439,47627,4812,84665,75553,9112,440619,364201,76418,113419,99670,13749
366,2023-02-06,44335,40195,4140,70622,63167,7455,371469,304448,67021,93045,83327,9718
367,2023-02-07,53004,47838,5166,85807,76634,9173,445222,369156,76066,115139,101096,14043
368,2023-02-08,56409,50778,5631,90617,80734,9883,476371,388904,87467,122094,106503,15591
369,2023-02-09,56850,51222,5628,92035,81589,10446,479928,393194,86734,121363,107628,13735
370,2023-02-10,57072,51526,5546,93986,84162,9824,481096,405548,75548,122994,111028,11966
371,2023-02-11,42984,39154,3830,67237,59083,8154,360648,284624,76024,91050,77937,13113
372,2023-02-12,48867,44244,4623,77375,68117,9258,409173,328082,81091,102947,89858,13089
373,2023-02-13,48490,43928,4562,77882,68860,9022,408476,331808,76668,102969,90840,12129
374,2023-02-14,41458,37894,3564,63518,56851,6667,348189,273562,74627,85718,74992,10726
375,2023-02-15,49899,45023,4876,78810,69949,8861,421381,337354,84027,108056,92272,15784
376,2023-02-16,54560,49680,4880,89532,79938,9594,461570,385120,76450,119290,105452,13838
377,2023-02-17,42744,38524,4220,68542,61202,7340,356600,294883,61717,90745,80733,10012
378,2023-02-18,41527,37484,4043,66537,59344,7193,346451,285957,60494,87071,78282,8789
379,2023-02-19,54079,49012,5067,88701,78262,10439,455499,377386,78113,115775,103242,12533
380,2023-02-20,55589,50622,4967,88969,79635,9334,468910,383940,84970,120058,105052,15006
381,2023-02-21,46424,42448,3976,74202,66267,7935,389427,319179,70248,98234,87415,10819
382,2023-02-22,44174,39764,4410,70392,61827,8565,371932,297499,74433,93002,81559,11443
383,2023-02-23,49511,44732,4779,78663,69343,9320,416799,333788,83011,106450,91477,14973
384,2023-02-24,47762,43691,4071,76369,67828,8541,400247,326689,73558,102834,89476,13358
385,2023-02-25,54870,49430,5440,88729,78768,9961,462730,379286,83444,117990,103907,14083
386,2023-02-26,46113,41601,4512,74743,65986,8757,388862,317729,71133,97472,87047,10425
387,2023-02-27,49827,45443,4384,79501,71086,8415,418980,342737,76243,105426,93771,11655
388,2023-02-28,54267,48911,5356,89215,79145,10070,457887,381147,76740,115777,104409,11368
389,2023-03-01,47845,43572,4273,77021,68472,8549,401462,329891,71571,101673,90329,11344
390,2023-03-02,48716,43952,4764,76626,67595,9031,408045,325420,82625,105254,89171,16083
391,2023-03-03,53579,48565,5014,85741,76192,9549,451226,366990,84236,114259,100507,13752
392,2023-03-04,56026,50930,5096,92769,82602,10167,472640,398383,74257,121739,108970,12769
393,2023-03-05,43884,39907,3977,70499,62571,7928,366634,301621,65013,94203,82540,11663
394,2023-03-06,53071,47929,5142,85093,75464,9629,447076,363901,83175,114147,99550,14597
395,2023-03-07,46104,41563,4541,74783,66976,7807,386897,322440,64457,99259,88349,10910
396,2023-03-08,41545,37664,3881,64582,56750,7832,346775,273329,73446,88521,74860,13661
397,2023-03-09,47284,43092,4192,75612,67326,8286,396462,324075,72387,100015,88817,11198
398,2023-03-10,45277,41457,3820,72824,64621,8203,378343,311601,66742,94143,85248,8895
399,2023-03-11,44668,40592,4076,71522,64069,7453,373163,309016,64147,94932,84516,10416
400,2023-03-12,47535,42799,4736,76066,67224,8842,398689,323709,74980,101326,88677,12649
401,2023-03-13,53118,48327,4791,86948,77368,9580,448905,372595,76310,112878,102064,10814
402,2023-03-14,57451,52014,5437,93418,82655,10763,485987,398312,87675,125723,109040,16683
403,2023-03-15,50818,46327,4491,83203,73965,9238,426881,356695,70186,107787,97572,10215
404,2023-03-16,45421,41440,3981,70627,62052,8575,380669,299210,81459,97332,81857,15475
405,2023-03-17,43107,38884,4223,68631,60578,8053,362254,292111,70143,91057,79909,11148
406,2023-03-18,51603,46922,4681,82126,72642,9484,433701,349781,83920,110711,95826,14885
407,2023-03-19,45369,41001,4368,71632,63338,8294,381510,305406,76104,97233,83551,13682
408,2023-03-20,45170,41285,3885,72979,65212,7767,378082,314317,63765,97065,86025,11040
409,2023-03-21,42317,38449,3868,66384,58131,8253,355408,280106,75302,88738,76682,12056
410,2023-03-22,56103,50678,5425,92875,83057,9818,472519,400522,71997,120970,109569,11401
411,2023-03-23,41012,37150,3862,64724,56709,8015,344424,273307,71117,86897,74810,12087
412,2023-03-24,56135,50980,5155,90843,81200,9643,473841,391721,82120,122663,107117,15546
413,2023-03-25,54831,49535,5296,90572,80221,10351,463258,386651,76607,118770,105828,12942
414,2023-03-26,49911,45115,4796,80635,71260,9375,421500,343309,78191,105313,94003,11310
415,2023-03-27,40977,37384,3593,65224,58017,7207,343113,279257,63856,85832,76533,9299
416,2023-03-28,57539,52183,5356,93247,83434,9813,485391,401932,83459,123457,110065,13392
417,2023-03-29,47113,42431,4682,73773,65876,7897,396325,317449,78876,99553,86904,12649
418,2023-03-30,55961,50752,5209,92241,82578,9663,471134,398035,73099,121207,108936,12271
419,2023-03-31,55679,50408,5271,89358,79890,9468,469892,385410,84482,120758,105392,15366
420,2023-04-01,52165,47212,4953,84992,75842,9150,438570,365237,73333,110403,100048,10355
421,2023-04-02,53664,48813,4851,88488,78586,9902,452206,378746,73460,114085,103667,10418
422,2023-04-03,51935,47071,4864,85053,76259,8794,438087,367855,70232,110905,100600,10305
423,2023-04-04,43974,39971,4003,68155,60907,7248,368379,293275,75104,93403,80346,13057
424,2023-04-05,53900,48744,5156,87235,77540,9695,454641,373702,80939,116422,102290,14132
425,2023-04-06,46878,42596,4282,73882,65541,8341,392084,316154,75930,101370,86458,14912
426,2023-04-07,54109,49029,5080,87389,78054,9335,456903,376092,80811,117613,102967,14646
427,2023-04-08,57314,52281,5033,94277,84045,10232,484904,404789,80115,125734,110873,14861
428,2023-04-09,52387,47592,4795,85736,76855,8881,442454,370084,72370,113925,101383,12542
429,2023-04-10,48818,44620,4198,78976,70776,8200,410410,341080,69330,104104,93365,10739
430,2023-04-11,46360,42208,4152,73598,64680,8918,390883,311580,79303,100029,85326,14703
431,2023-04-12,40863,36914,3949,63426,55561,7865,342681,267823,74858,83900,73294,10606
432,2023-04-13,42351,38339,4012,66412,59440,6972,355888,286492,69396,87929,78410,9519
433,2023-04-14,46540,41940,4600,75343,67489,7854,390889,325122,65767,98749,89026,9723
434,2023-04-15,52850,47981,4869,85348,75200,10148,446046,362514,83532,114309,99202,15107
435,2023-04-16,53777,48796,4981,87664,78539,9125,453163,378728,74435,116780,103604,13176
436,2023-04-17,53425,48764,4661,85232,75368,9864,448808,363524,85284,115081,99421,15660
437,2023-04-18,49156,44370,4786,78168,69358,8810,411608,334346,77262,103771,91492,12279
438,2023-04-19,54049,48783,5266,86303,77090,9213,453914,371514,82400,115607,101696,13911
439,2023-04-20,53611,48895,4716,87906,77968,9938,453458,376106,77352,114968,102853,12115
440,2023-04-21,45539,41148,4391,73440,64572,8868,383513,311432,72081,97193,85178,12015
441,2023-04-22,44691,40262,4429,69611,61955,7656,373598,298660,74938,92757,81725,11032
442,2023-04-23,42544,38603,3941,66946,59087,7859,357268,284749,72519,89102,77945,11157
443,2023-04-24,51161,46175,4986,82771,73510,9261,430950,354395,76555,109456,96972,12484
444,2023-04-25,46320,42112,4208,72274,63826,8448,387491,307663,79828,98937,84199,14738
445,2023-04-26,52850,47864,4986,86473,76434,10039,445940,368263,77677,112477,100827,11650
446,2023-04-27,46583,42608,3975,73330,65378,7952,390419,315367,75052,99854,86243,13611
447,2023-04-28,48687,43837,4850,77616,69078,8538,409147,332499,76648,104366,91125,13241
448,2023-04-29,52082,47053,5029,82804,74012,8792,437108,356737,80371,112218,97635,14583
449,2023-04-30,50092,45511,4581,81090,71804,9286,420983,346292,74691,106617,94722,11895
450,2023-05-01,43398,39334,4064,69064,60858,8206,364292,293315,70977,92760,80283,12477
451,2023-05-02,41626,38016,3610,65781,57935,7846,348313,279054,69259,86947,76424,10523
452,2023-05-03,48700,44357,4343,78983,70173,8810,410324,337927,72397,105075,92568,12507
453,2023-05-04,51750,46620,5130,83044,74173,8871,435661,357357,78304,111682,97846,13836
454,2023-05-05,48121,43532,4589,78239,68830,9409,402771,331406,71365,102650,90795,11855
455,2023-05-06,40281,36957,3324,63268,55671,7597,337275,268229,69046,85054,73439,11615
456,2023-05-07,55825,50752,5073,89829,79736,10093,469208,384102,85106,122249,105189,17060
457,2023-05-08,50901,46296,4605,81705,72617,9088,429403,349658,79745,108239,95791,12448
458,2023-05-09,50205,45431,4774,80935,72448,8487,421832,349093,72739,108518,95573,12945
459,2023-05-10,56577,51538,5039,93249,83294,9955,476201,401275,74926,122411,109883,12528
460,2023-05-11,56386,51153,5233,93718,83002,10716,475411,399865,75546,120275,109494,10781
461,2023-05-12,47229,43060,4169,76102,67525,8577,396752,325207,71545,102126,89078,13048
462,2023-05-13,47435,43261,4174,76772,68208,8564,399405,328443,70962,101700,89974,11726
463,2023-05-14,48840,44413,4427,79769,70630,9139,411249,340504,70745,104350,93171,11179
464,2023-05-15,43761,39975,3786,68185,60992,7193,367586,293830,73756,92483,80456,12027
465,2023-05-16,44935,41018,3917,71676,63426,8250,378622,305340,73282,95014,83667,11347
466,2023-05-17,48880,44665,4215,80149,70838,9311,412436,341501,70935,104847,93445,11402
467,2023-05-18,43786,39802,3984,70907,63245,7662,367932,305029,62903,93968,83427,10541
468,2023-05-19,55648,50148,5500,92388,81793,10595,469321,394585,74736,121113,107897,13216
469,2023-05-20,42158,38251,3907,66138,58601,7537,353445,282566,70879,88028,77301,10727
470,2023-05-21,44802,40855,3947,72550,64967,7583,376945,313151,63794,96038,85700,10338
471,2023-05-22,55712,50280,5432,91011,81218,9793,469113,391306,77807,121249,107138,14111
472,2023-05-23,48697,44479,4218,77079,68373,8706,409697,329211,80486,102855,90197,12658
473,2023-05-24,44288,40506,3782,70421,63123,7298,371734,304157,67577,93382,83271,10111
474,2023-05-25,54860,49610,5250,88087,78126,9961,462640,376657,85983,119361,103063,16298
475,2023-05-26,51639,46509,5130,84388,75255,9133,434491,362629,71862,112458,99271,13187
476,2023-05-27,53149,47928,5221,86894,77668,9226,448402,374213,74189,113482,102460,11022
477,2023-05-28,44759,40614,4145,70054,61862,8192,375249,298320,76929,93278,81604,11674
478,2023-05-29,47178,42551,4627,74749,66504,8245,394801,320156,74645,99510,87726,11784
479,2023-05-30,44960,40581,4379,71760,63429,8331,377113,305420,71693,93394,83673,9721
480,2023-05-31,51362,46550,4812,82824,73608,9216,433776,354816,78960,108708,97101,11607
481,2023-06-01,40628,37142,3486,64353,56479,7874,340882,271838,69044,83817,74506,9311
482,2023-06-02,47239,42848,4391,76594,67491,9103,396890,325564,71326,101038,89029,12009
483,2023-06-03,50385,45530,4855,81571,73155,8416,424955,352249,72706,106393,96503,9890
484,2023-06-04,49159,44749,4410,80255,71283,8972,414904,343815,71089,106085,94035,12050
485,2023-06-05,48153,43558,4595,76994,68574,8420,403519,330622,72897,104033,90457,13576
486,2023-06-06,45521,41087,4434,72278,64755,7523,383335,311984,71351,97782,85423,12359
487,2023-06-07,55372,50194,5178,89823,79527,10296,468604,383594,85010,120933,104912,16021
488,2023-06-08,53030,48224,4806,86358,76225,10133,447616,367429,80187,115483,100551,14932
489,2023-06-09,49488,45180,4308,78184,69230,8954,416730,333830,82900,106928,91325,15603
490,2023-06-10,43655,39383,4272,70517,63104,7413,366125,304048,62077,91445,83244,8201
491,2023-06-11,49477,45071,4406,78349,69260,9089,415135,333608,81527,105744,91366,14378
492,2023-06-12,46574,42407,4167,75999,67939,8060,391407,327086,64321,97649,89622,8027
493,2023-06-13,42276,38674,3602,67687,60505,7182,353651,291791,61860,89741,79813,9928
494,2023-06-14,43862,39695,4167,68835,61590,7245,367766,296486,71280,94234,81249,12985
495,2023-06-15,46220,41697,4523,75335,67034,8301,386777,323209,63568,99376,88429,10947
496,2023-06-16,55037,49558,5479,89773,79475,10298,462980,383362,79618,118163,104843,13320
497,2023-06-17,47009,42539,4470,73506,65375,8131,395647,314979,80668,99031,86241,12790
498,2023-06-18,51866,46976,4890,82155,72919,9236,437739,351613,86126,110633,96190,14443
499,2023-06-19,51917,47132,4785,85012,75344,9668,437212,363445,73767,109700,99391,10309
500,2023-06-20,54952,49581,5371,89172,79819,9353,462437,384593,77844,117333,105293,12040
501,2023-06-21,49730,45453,4277,80704,72177,8527,417046,347532,69514,107893,95213,12680
502,2023-06-22,42708,38631,4077,68674,60577,8097,356769,292169,64600,90902,79911,10991
503,2023-06-23,52417,47469,4948,85197,75609,9588,442758,364145,78613,111724,99742,11982
504,2023-06-24,52048,47516,4532,85461,76378,9083,436889,368338,68551,113359,100754,12605
505,2023-06-25,46129,42113,4016,72949,65056,7893,386609,313780,72829,97793,85822,11971
506,2023-06-26,51594,46626,4968,83084,73330,9754,435414,353233,82181,111886,96736,15150
507,2023-06-27,44612,40165,4447,71224,63632,7592,375039,306282,68757,95274,83938,11336
508,2023-06-28,43846,39963,3883,69915,61402,8513,366883,295439,71444,92432,80999,11433
509,2023-06-29,42407,38783,3624,66129,58928,7201,355439,283576,71863,87644,77732,9912
510,2023-06-30,43383,39173,4210,67777,59796,7981,363991,288069,75922,90353,78883,11470
511,2023-07-01,52775,47762,5013,86251,76410,9841,445812,368286,77526,113740,100801,12939
512,2023-07-02,48776,44120,4656,79872,70347,9525,408746,339131,69615,103858,92800,11058
513,2023-07-03,51163,46114,5049,83704,75039,8665,430110,361811,68299,109458,98990,10468
514,2023-07-04,41690,38005,3685,65996,58062,7934,348005,280046,67959,86736,76589,10147
515,2023-07-05,49441,44692,4749,80394,71553,8841,415821,345179,70642,107072,94388,12684
516,2023-07-06,43975,40252,3723,70327,62145,8182,366978,299561,67417,94419,81982,12437
517,2023-07-07,41653,37745,3908,65574,58456,7118,350382,281244,69138,88031,77112,10919
518,2023-07-08,54752,49334,5418,90246,79691,10555,461770,383935,77835,116453,105128,11325
519,2023-07-09,40347,36646,3701,64400,57321,7079,337026,275932,61094,83677,75617,8060
520,2023-07-10,57412,51869,5543,93751,83698,10053,485979,403345,82634,125223,110410,14813
521,2023-07-11,49141,44846,4295,79725,71471,8254,414251,344468,69783,104635,94279,10356
522,2023-07-12,51387,46448,4939,81917,73231,8686,430844,352977,77867,111377,96605,14772
523,2023-07-13,55289,50370,4919,90306,80115,10191,465646,386233,79413,120708,105685,15023
524,2023-07-14,53151,47966,5185,86994,77922,9072,446204,375523,70681,113688,102794,10894
525,2023-07-15,56245,50943,5302,90481,79906,10575,473842,385526,88316,120190,105410,14780
526,2023-07-16,54308,48925,5383,87714,77528,10186,456842,373754,83088,116316,102272,14044
527,2023-07-17,47252,42672,4580,75383,67337,8046,395355,324273,71082,101153,88827,12326
528,2023-07-18,45594,41102,4492,73588,65164,8424,383746,314078,69668,97732,85964,11768
529,2023-07-19,55872,50587,5285,92380,82414,9966,469952,397150,72802,122375,108717,13658
530,2023-07-20,47959,43374,4585,77905,68628,9277,403384,331000,72384,101762,90533,11229
531,2023-07-21,50865,46051,4814,82101,72720,9381,429729,350149,79580,109591,95930,13661
532,2023-07-22,49591,45139,4452,78069,69437,8632,417587,334625,82962,104581,91597,12984
533,2023-07-23,45661,41451,4210,74051,66324,7727,383782,319806,63976,95346,87494,7852
534,2023-07-24,55465,50604,4861,89931,79425,10506,469141,382896,86245,118648,104776,13872
535,2023-07-25,47055,42628,4427,76210,68142,8068,394844,328637,66207,99022,89893,9129
536,2023-07-26,41534,37947,3587,66251,58119,8132,346048,279707,66341,87890,76671,11219
537,2023-07-27,43942,39644,4298,68008,60418,7590,368102,290820,77282,91127,79704,11423
538,2023-07-28,45260,41174,4086,71907,63908,7999,378608,308144,70464,95484,84305,11179
539,2023-07-29,41995,38106,3889,65078,58301,6777,350279,280939,69340,89905,76905,13000
540,2023-07-30,48566,43876,4690,76372,67358,9014,407598,324374,83224,103977,88857,15120
541,2023-07-31,54272,48932,5340,89022,79696,9326,456390,384086,72304,116487,105134,11353
542,2023-08-01,54945,49684,5261,88089,78523,9566,462844,378378,84466,117585,103586,13999
543,2023-08-02,46442,42353,4089,73091,64426,8665,391409,310249,81160,98393,84990,13403
544,2023-08-03,49453,44687,4766,79761,70878,8883,414456,341666,72790,104401,93499,10902
545,2023-08-04,50910,46411,4499,82244,72517,9727,428018,349312,78706,108229,95659,12570
546,2023-08-05,55890,50352,5538,89692,79834,9858,471206,385020,86186,121488,105313,16175
547,2023-08-06,56479,50998,5481,91469,81090,10379,477984,390531,87453,122911,106974,15937
548,2023-08-07,49995,45317,4678,81551,72520,9031,422151,349591,72560,106834,95663,11171
549,2023-08-08,47855,43540,4315,75269,66632,8637,403878,320735,83143,100729,87895,12834
550,2023-08-09,49050,44318,4732,77558,68878,8680,411111,331630,79481,105850,90863,14987
551,2023-08-10,47186,42673,4513,73859,65458,8401,395041,315676,79365,100144,86349,13795
552,2023-08-11,51535,46698,4837,83105,73712,9393,433909,355320,78589,109079,97242,11837
553,2023-08-12,45894,41684,4210,72633,64086,8547,385889,308645,77244,96266,84537,11729
554,2023-08-13,44076,40084,3992,69276,61790,7486,368584,297722,70862,91968,81513,10455
555,2023-08-14,40489,36635,3854,63525,55829,7696,338451,268607,69844,83323,73648,9675
556,2023-08-15,44075,39784,4291,69187,61901,7286,368721,297870,70851,92150,81656,10494
557,2023-08-16,42623,38509,4114,66429,58404,8025,355458,281485,73973,88336,77043,11293
558,2023-08-17,43973,39997,3976,68734,60702,8032,369984,292488,77496,92547,80072,12475
559,2023-08-18,43105,39123,3982,68766,60461,8305,359879,291287,68592,91434,79755,11679
560,2023-08-19,51210,46748,4462,81991,73226,8765,430953,353171,77782,110787,96596,14191
561,2023-08-20,53564,48819,4745,86822,77119,9703,452118,372008,80110,114098,101734,12364
562,2023-08-21,52384,47453,4931,84283,74497,9786,440926,358792,82134,110828,98274,12554
563,2023-08-22,41240,37307,3933,65340,58263,7077,344594,280957,63637,84897,76859,8038
564,2023-08-23,48478,43795,4683,76801,68440,8361,407122,329596,77526,104794,90286,14508
565,2023-08-24,51116,46208,4908,81477,72063,9414,428571,347247,81324,108942,95065,13877
566,2023-08-25,52067,47041,5026,85577,75462,10115,439350,363786,75564,110756,99547,11209
567,2023-08-26,54220,49254,4966,89550,79323,10227,457034,382655,74379,115593,104640,10953
568,2023-08-27,42320,38427,3893,68173,60925,7248,355486,293655,61831,87701,80367,7334
569,2023-08-28,56677,51564,5113,90968,80912,10056,476559,389854,86705,121721,106740,14981
570,2023-08-29,46762,42458,4304,75214,66825,8389,392381,321826,70555,99088,88152,10936
571,2023-08-30,54045,48799,5246,87184,77586,9598,454027,373950,80077,115636,102346,13290
572,2023-08-31,43152,39015,4137,67916,59977,7939,360768,288713,72055,92328,79116,13212
573,2023-09-01,51589,46645,4944,82756,73592,9164,432611,354792,77819,110115,97081,13034
574,2023-09-02,55418,50240,5178,88759,78263,10496,467868,377238,90630,119997,103239,16758
575,2023-09-03,55588,50210,5378,89791,80292,9499,469470,387341,82129,119793,105917,13876
576,2023-09-04,47639,42943,4696,76189,67597,8592,400106,326084,74022,102337,89169,13168
577,2023-09-05,39783,35981,3802,63012,56216,6796,334201,271033,63168,84189,74155,10034
578,2023-09-06,46611,42477,4134,75630,66985,8645,392535,322781,69754,98315,88364,9951
579,2023-09-07,51331,46715,4616,83740,74024,9716,432454,356612,75842,110423,97653,12770
580,2023-09-08,49187,44681,4506,79510,70932,8578,414104,341744,72360,104535,93573,10962
581,2023-09-09,53322,48603,4719,85154,76168,8986,447624,366941,80683,116029,100479,15550
582,2023-09-10,43613,39357,4256,70510,62532,7978,365044,301227,63817,92376,82491,9885
583,2023-09-11,48294,43522,4772,76178,67618,8560,405353,326100,79253,102046,89196,12850
584,2023-09-12,40511,37074,3437,63827,56701,7126,338467,272935,65532,86279,74794,11485
585,2023-09-13,46281,41936,4345,74278,65710,8568,389520,316241,73279,99826,86682,13144
586,2023-09-14,39997,36569,3428,63461,55793,7668,335400,269101,66299,82164,73597,8567
587,2023-09-15,57450,51996,5454,94411,84604,9807,485814,407828,77986,122784,111609,11175
588,2023-09-16,45952,41774,4178,73771,65029,8742,386316,313143,73173,97037,85784,11253
589,2023-09-17,41373,37553,3820,63370,56597,6773,345931,272699,73232,87079,74660,12419
590,2023-09-18,50178,45811,4367,82362,73339,9023,423781,353158,70623,108518,96747,11771
591,2023-09-19,53526,48471,5055,87757,77874,9883,450293,375214,75079,116669,102729,13940
592,2023-09-20,56770,51531,5239,91047,80650,10397,480634,389015,91619,123760,106392,17368
593,2023-09-21,55260,50435,4825,91055,81644,9411,466763,393366,73397,117842,107703,10139
594,2023-09-22,55114,50316,4798,91282,81169,10113,465615,391140,74475,119481,107073,12408
595,2023-09-23,43428,39437,3991,68623,60207,8416,362968,290185,72783,90278,79419,10859
596,2023-09-24,42154,38424,3730,64541,56971,7570,351663,274411,77252,88636,75154,13482
597,2023-09-25,42733,39083,3650,65561,57985,7576,357955,279423,78532,89679,76492,13187
598,2023-09-26,42269,38127,4142,65602,58356,7246,355149,281404,73745,87307,76982,10325
599,2023-09-27,55044,50205,4839,90110,80139,9971,463118,386341,76777,119070,105718,13352
600,2023-09-28,43037,38894,4143,67397,59261,8136,362098,285667,76431,90292,78171,12121
601,2023-09-29,41944,38100,3844,65236,58079,7157,350545,279975,70570,86729,76616,10113
602,2023-09-30,53676,48620,5056,87241,77761,9480,452848,374660,78188,114006,102582,11424
603,2023-10-01,47916,43586,4330,78070,69527,8543,402547,335025,67522,102512,91720,10792
604,2023-10-02,50030,45662,4368,81454,71983,9471,422125,347246,74879,106183,94956,11227
605,2023-10-03,41422,37528,3894,64680,56658,8022,347056,272832,74224,87181,74742,12439
606,2023-10-04,57006,51452,5554,94323,83950,10373,481375,404577,76798,123753,110748,13005
607,2023-10-05,39824,36116,3708,61332,53981,7351,332781,260327,72454,81485,71211,10274
608,2023-10-06,48528,43920,4608,77045,68292,8753,408905,329126,79779,102684,90089,12595
609,2023-10-07,43441,39759,3682,68582,60640,7942,363073,292278,70795,92384,79993,12391
610,2023-10-08,56256,50974,5282,92072,82257,9815,474542,396855,77687,122933,108511,14422
611,2023-10-09,43700,39456,4244,70349,61809,8540,365315,297603,67712,91856,81537,10319
612,2023-10-10,57173,51790,5383,94802,84547,10255,481786,407926,73860,124802,111535,13267
613,2023-10-11,50463,45876,4587,82933,74226,8707,424728,357936,66792,106439,97914,8525
614,2023-10-12,45980,41567,4413,74408,66512,7896,384461,320369,64092,96376,87737,8639
615,2023-10-13,55631,50178,5453,91305,81029,10276,468771,390464,78307,121825,106891,14934
616,2023-10-14,56045,50473,5572,91784,81722,10062,473856,393691,80165,121058,107804,13254
617,2023-10-15,54961,50080,4881,89299,79389,9910,462462,382682,79780,116842,104730,12112
618,2023-10-16,51116,46185,4931,81931,73249,8682,430890,352715,78175,109597,96628,12969
619,2023-10-17,41149,37307,3842,64494,57498,6996,342726,276953,65773,87324,75847,11477
620,2023-10-18,40569,36569,4000,62948,56353,6595,339120,271402,67718,83293,74338,8955
621,2023-10-19,40516,36800,3716,62581,55474,7107,338732,266832,71900,84074,73179,10895
622,2023-10-20,54610,49349,5261,88499,78926,9573,459550,380208,79342,117278,104114,13164
623,2023-10-21,39824,35996,3828,61038,54376,6662,331607,261739,69868,83630,71732,11898
624,2023-10-22,53272,48274,4998,85677,75702,9975,449652,365000,84652,113930,99862,14068
625,2023-10-23,45185,40947,4238,71898,63503,8395,380425,305707,74718,94284,83767,10517
626,2023-10-24,47318,42697,4621,77302,68113,9189,396024,328455,67569,100546,89851,10695
627,2023-10-25,44376,40064,4312,69174,61957,7217,372759,298180,74579,94842,81734,13108
628,2023-10-26,53422,48716,4706,88434,78608,9826,450867,378747,72120,114258,103700,10558
629,2023-10-27,48891,44565,4326,77424,68242,9182,412533,328604,83929,103455,90021,13434
630,2023-10-28,44838,40492,4346,69821,62143,7678,376659,299140,77519,94516,81977,12539
631,2023-10-29,43024,39018,4006,67879,59612,8267,359795,287376,72419,90509,78637,11872
632,2023-10-30,54591,49490,5101,87523,77954,9569,458914,375825,83089,118128,102833,15295
633,2023-10-31,52132,47204,4928,84640,75207,9433,439993,362298,77695,111734,99209,12525
634,2023-11-01,44013,39761,4252,70131,62236,7895,369237,299687,69550,91421,82101,9320
635,2023-11-02,41761,38006,3755,65479,57458,8021,350012,276680,73332,89032,75799,13233
636,2023-11-03,55657,50309,5348,90769,80763,10006,470553,389606,80947,118693,106539,12154
637,2023-11-04,43235,39160,4075,68717,61505,7212,363769,296435,67334,92584,81132,11452
638,2023-11-05,46266,41737,4529,75287,66364,8923,388500,319596,68904,98189,87546,10643
639,2023-11-06,51960,47138,4822,84666,75896,8770,436716,366144,70572,110770,100120,10650
640,2023-11-07,46360,41877,4483,74255,65922,8333,389772,317560,72212,99333,86963,12370
641,2023-11-08,52672,47592,5080,86577,77641,8936,444066,374109,69957,114756,102420,12336
642,2023-11-09,43916,40117,3799,67731,60547,7184,368599,291603,76996,94070,79874,14196
643,2023-11-10,52866,47955,4911,83992,74563,9429,445112,359218,85894,112235,98359,13876
644,2023-11-11,42831,38774,4057,66591,59300,7291,359910,285455,74455,89760,78225,11535
645,2023-11-12,54723,49455,5268,88148,77889,10259,462536,375065,87471,118308,102749,15559
646,2023-11-13,43281,39282,3999,67817,59947,7870,363060,289104,73956,90070,79079,10991
647,2023-11-14,46073,41562,4511,74090,65730,8360,386156,316979,69177,98936,86709,12227
648,2023-11-15,46849,42353,4496,75342,66515,8827,392127,320520,71607,99781,87747,12034
649,2023-11-16,44098,40056,4042,69870,61928,7942,371376,298236,73140,94366,81691,12675
650,2023-11-17,51190,46079,5111,83621,74135,9486,430282,356920,73362,109012,97795,11217
651,2023-11-18,40073,36772,3301,60825,54194,6631,335414,260839,74575,82182,71490,10692
652,2023-11-19,55279,50093,5186,90121,79541,10580,467289,383306,83983,119843,104931,14912
653,2023-11-20,51453,46469,4984,83644,74904,8740,432286,360760,71526,110207,98811,11396
654,2023-11-21,57097,51763,5334,92462,82891,9571,481178,399538,81640,123128,109351,13777
655,2023-11-22,44259,40405,3854,69311,60803,8508,372208,292670,79538,92099,80211,11888
656,2023-11-23,40119,36498,3621,61602,55117,6485,336479,265378,71101,84321,72707,11614
657,2023-11-24,55737,50479,5258,92471,81704,10767,468356,394168,74188,118951,107785,11166
658,2023-11-25,55236,50407,4829,91736,81227,10509,465446,391388,74058,119806,107152,12654
659,2023-11-26,47913,43517,4396,75715,66970,8745,403110,323027,80083,102411,88341,14070
660,2023-11-27,46558,42040,4518,75033,66681,8352,389369,321167,68202,97355,87962,9393
661,2023-11-28,53073,47996,5077,85649,76785,8864,448086,370447,77639,112670,101293,11377
662,2023-11-29,47852,43586,4266,77979,69178,8801,400924,333330,67594,101485,91254,10231
663,2023-11-30,54856,49813,5043,89782,80212,9570,463288,386570,76718,118358,105812,12546
664,2023-12-01,56851,51242,5609,91704,81900,9804,478533,394593,83940,122909,108042,14867
665,2023-12-02,54477,49249,5228,87285,77167,10118,458722,371769,86953,116774,101795,14979
666,2023-12-03,44704,40295,4409,71015,62886,8129,376655,303006,73649,95933,82953,12980
667,2023-12-04,46511,41883,4628,75426,66434,8992,391068,319911,71157,98454,87636,10818
668,2023-12-05,53738,48874,4864,87020,76909,10111,451867,370931,80936,116949,101453,15496
669,2023-12-06,51728,47047,4681,83039,73268,9771,434535,352781,81754,110566,96656,13910
670,2023-12-07,40191,36428,3763,61371,54765,6606,335535,263589,71946,85064,72241,12823
671,2023-12-08,48674,44236,4438,79060,70510,8550,407809,340124,67685,105203,93011,12192
672,2023-12-09,48323,43959,4364,77914,69688,8226,407369,335449,71920,103456,91927,11529
673,2023-12-10,56694,51120,5574,93847,83348,10499,478711,401673,77038,124037,109948,14089
674,2023-12-11,39940,36234,3706,63960,57226,6734,333877,275940,57937,82857,75488,7369
675,2023-12-12,49692,45296,4396,80958,71284,9674,418919,343199,75720,106876,94033,12843
676,2023-12-13,51358,46886,4472,81288,71861,9427,434077,346519,87558,111416,94800,16616
677,2023-12-14,44878,40835,4043,72222,63479,8743,377494,305512,71982,94521,83742,10779
678,2023-12-15,41335,37338,3997,64884,57971,6913,347107,279565,67542,86575,76475,10100
679,2023-12-16,48741,44567,4174,77387,68457,8930,409654,330247,79407,103736,90303,13433
680,2023-12-17,49949,45412,4537,78907,70035,8872,421005,337299,83706,105793,92389,13404
681,2023-12-18,42889,39137,3752,69064,61146,7918,359965,294585,65380,90081,80661,9420
682,2023-12-19,45806,41853,3953,73427,65519,7908,385649,315478,70171,96543,86430,10113
683,2023-12-20,40618,37071,3547,63253,56159,7094,338922,270373,68549,85385,74084,11301
684,2023-12-21,41001,37449,3552,63905,57175,6730,344698,275222,69476,86193,75420,10773
685,2023-12-22,47003,42838,4165,73796,65321,8475,395236,314381,80855,101051,86169,14882
686,2023-12-23,48762,44205,4557,77112,68369,8743,409780,329477,80303,102298,90189,12109
687,2023-12-24,52873,48180,4693,85312,75588,9724,443914,364333,79581,115182,99715,15467
688,2023-12-25,47625,43495,4130,77722,68839,8883,398458,332048,66410,100866,90809,10057
689,2023-12-26,50278,45506,4772,79670,70734,8936,424290,340700,83590,108323,93308,15015
690,2023-12-27,51855,46675,5180,83430,74768,8662,435592,360523,75069,112245,98635,13610
691,2023-12-28,42222,38382,3840,66543,59050,7493,354692,284686,70006,87211,77896,9315
692,2023-12-29,45081,41218,3863,70720,62346,8374,378456,300008,78448,95411,82243,13168
693,2023-12-30,39978,36249,3729,62402,55386,7016,334088,266935,67153,83039,73064,9975
694,2023-12-31,47306,43196,4110,75912,67300,8612,398021,324375,73646,99531,88783,10748
695,2024-01-01,49082,44560,4522,79357,70239,9118,412586,338767,73819,105119,92660,12459
696,2024-01-02,55315,50432,4883,91746,81940,9806,464696,394677,70019,119484,108091,11393
697,2024-01-03,56984,51700,5284,94066,83360,10706,481825,401991,79834,123320,109969,13351
698,2024-01-04,51674,47085,4589,82247,73055,9192,433348,352126,81222,111620,96375,15245
699,2024-01-05,46165,42084,4081,71996,63787,8209,386128,307143,78985,97550,84146,13404
700,2024-01-06,56926,51575,5351,91760,81789,9971,478962,394089,84873,123203,107896,15307
701,2024-01-07,52212,47237,4975,83945,75203,8742,440754,362091,78663,111977,99203,12774
702,2024-01-08,55555,50152,5403,90890,81547,9343,469141,393324,75817,120747,107573,13174
703,2024-01-09,52032,46838,5194,84298,75437,8861,439366,363653,75713,113348,99511,13837
704,2024-01-10,43677,39685,3992,67277,60208,7069,367759,289748,78011,90961,79421,11540
705,2024-01-11,51720,46591,5129,85240,76221,9019,436174,367083,69091,111446,100546,10900
706,2024-01-12,48526,43875,4651,76386,68162,8224,408948,328779,80169,103048,89915,13133
707,2024-01-13,53272,47996,5276,84989,75082,9907,448810,361930,86880,115212,99048,16164
708,2024-01-14,56925,51757,5168,91448,81419,10029,481613,392132,89481,123805,107403,16402
709,2024-01-15,47131,42823,4308,75753,67871,7882,395009,327374,67635,100805,89530,11275
710,2024-01-16,41234,37114,4120,64592,57217,7375,344557,275916,68641,86771,75477,11294
711,2024-01-17,51793,46732,5061,83482,74613,8869,436156,359413,76743,112714,98430,14284
712,2024-01-18,56007,50935,5072,89945,79681,10264,473074,384429,88645,121806,105110,16696
713,2024-01-19,43254,39344,3910,67524,60455,7069,363127,291352,71775,90080,79747,10333
714,2024-01-20,56064,50927,5137,90489,80207,10282,472335,386580,85755,122308,105810,16498
715,2024-01-21,57445,51708,5737,94601,84086,10515,485797,405296,80501,124235,110925,13310
716,2024-01-22,45258,41148,4110,71089,62533,8556,379353,301007,78346,96803,82494,14309
717,2024-01-23,47501,43012,4489,75959,67709,8250,400688,326086,74602,100228,89318,10910
718,2024-01-24,42870,38918,3952,67249,59773,7476,358788,288010,70778,89286,78849,10437
719,2024-01-25,51152,46547,4605,81594,72948,8646,430207,351320,78887,109782,96231,13551
720,2024-01-26,43239,39292,3947,68361,60060,8301,361685,289555,72130,90103,79228,10875
721,2024-01-27,56607,51354,5253,91592,81700,9892,477044,393709,83335,121878,107778,14100
722,2024-01-28,41880,38102,3778,64763,57455,7308,351430,276997,74433,87115,75791,11324
723,2024-01-29,52756,47870,4886,84784,75818,8966,445805,365069,80736,113289,100017,13272
724,2024-01-30,53333,48219,5114,84930,75075,9855,449906,361977,87929,115422,99039,16383
725,2024-01-31,56202,50621,5581,93088,83514,9574,475048,402883,72165,122962,110170,12792
726,2024-02-01,54739,49969,4770,88886,78758,10128,461769,379410,82359,119057,103896,15161
727,2024-02-02,55948,50418,5530,91905,81817,10088,473076,394055,79021,120333,107928,12405
728,2024-02-03,48641,44240,4401,79362,70796,8566,409203,340883,68320,105241,93392,11849
729,2024-02-04,40883,37004,3879,63945,56734,7211,343798,273501,70297,86535,74840,11695
730,2024-02-05,43749,39843,3906,69226,60709,8517,368058,292525,75533,90787,80086,10701
731,2024-02-06,47987,43550,4437,76656,68689,7967,404118,331125,72993,101362,90609,10753
732,2024-02-07,49324,44761,4563,79885,71552,8333,415173,344767,70406,105176,94392,10784
733,2024-02-08,42705,38772,3933,67381,59317,8064,358652,285743,72909,88758,78249,10509
734,2024-02-09,57131,51846,5285,93695,83525,10170,482382,402872,79510,123180,110181,12999
735,2024-02-10,41375,37318,4057,65602,58334,7268,345582,280712,64870,86090,76954,9136
736,2024-02-11,44612,40189,4423,69246,60805,8441,372636,292770,79866,95568,80209,15359
737,2024-02-12,48178,43408,4770,78792,69688,9104,404002,335565,68437,102508,91928,10580
738,2024-02-13,44739,40508,4231,70605,62024,8581,376063,299191,76872,94968,81816,13152
739,2024-02-14,55186,49895,5291,91390,81721,9669,464673,393643,71030,118486,107802,10684
740,2024-02-15,54594,49675,4919,87084,77539,9545,461949,373384,88565,117801,102287,15514
741,2024-02-16,50007,45010,4997,80909,72491,8418,420720,349380,71340,107100,95630,11470
742,2024-02-17,44552,40120,4432,69411,62196,7215,374834,299499,75335,95423,82043,13380
743,2024-02-18,44265,40109,4156,69291,61443,7848,370932,296318,74614,93713,81053,12660
744,2024-02-19,50443,45946,4497,82343,73442,8901,423993,353898,70095,108484,96882,11602
745,2024-02-20,48712,44332,4380,77704,69515,8189,407821,334815,73006,102361,91703,10658
746,2024-02-21,45576,41349,4227,70911,62746,8165,383132,302404,80728,95674,82775,12899
747,2024-02-22,45794,41847,3947,73505,64714,8791,385994,311814,74180,98802,85366,13436
748,2024-02-23,48020,43794,4226,75983,68010,7973,401931,327703,74228,101656,89719,11937
749,2024-02-24,40784,37416,3368,62038,55412,6626,341207,267029,74178,84749,73098,11651
750,2024-02-25,57125,52100,5025,92451,81696,10755,481724,393593,88131,123621,107774,15847
751,2024-02-26,49071,44785,4286,80104,71066,9038,412043,342459,69584,105262,93746,11516
752,2024-02-27,41498,38061,3437,65044,58123,6921,346247,280267,65980,86286,76674,9612
753,2024-02-28,50490,45972,4518,79927,70762,9165,424126,340939,83187,108316,93349,14967
754,2024-02-29,41639,38189,3450,65839,57974,7865,348721,279333,69388,88660,76477,12183
755,2024-03-01,40717,37119,3598,64096,56369,7727,340507,271426,69081,85278,74357,10921
756,2024-03-02,46758,42392,4366,74193,65400,8793,393709,314852,78857,100806,86276,14530
757,2024-03-03,40315,36779,3536,64656,57264,7392,338758,275730,63028,84972,75542,9430
758,2024-03-04,45413,41521,3892,70669,63104,7565,380044,304047,75997,95676,83247,12429
759,2024-03-05,46110,41645,4465,71945,64027,7918,387594,308655,78939,99258,84465,14793
760,2024-03-06,57098,51390,5708,94994,83981,11013,480259,405176,75083,123324,110783,12541
761,2024-03-07,46221,42210,4011,72641,64947,7694,387690,313263,74427,99571,85675,13896
762,2024-03-08,42169,38021,4148,67059,59484,7575,352339,286235,66104,90081,78471,11610
763,2024-03-09,46268,42225,4043,73580,65392,8188,387848,315143,72705,97834,86259,11575
764,2024-03-10,40197,36565,3632,61359,53860,7499,336957,259632,77325,84134,71049,13085
765,2024-03-11,45233,41085,4148,70403,61835,8568,381086,297710,83376,95110,81570,13540
766,2024-03-12,45778,41324,4454,72283,63569,8714,383842,305994,77848,97668,83860,13808
767,2024-03-13,54317,49311,5006,90051,80525,9526,458251,388307,69944,115600,106229,9371
768,2024-03-14,50310,45743,4567,81036,72075,8961,422299,347498,74801,107144,95080,12064
769,2024-03-15,45752,41817,3935,74084,66283,7801,384627,319287,65340,96276,87435,8841
770,2024-03-16,53019,47924,5095,84558,75296,9262,448342,362923,85419,113853,99331,14522
771,2024-03-17,41811,37883,3928,66894,59858,7036,350286,288200,62086,87829,78965,8864
772,2024-03-18,45074,40691,4383,71889,63240,8649,378208,304804,73404,97026,83423,13603
773,2024-03-19,44535,40323,4212,69053,60910,8143,371848,293640,78208,94732,80350,14382
774,2024-03-20,54164,48886,5278,86514,76607,9907,455270,369181,86089,115060,101055,14005
775,2024-03-21,45283,40807,4476,72684,64254,8430,378351,309219,69132,95049,84764,10285
776,2024-03-22,43172,39437,3735,67663,60369,7294,363410,291198,72212,89638,79633,10005
777,2024-03-23,45949,41670,4279,72171,64140,8031,385486,309038,76448,96667,84614,12053
778,2024-03-24,40738,37100,3638,65271,57775,7496,341957,278581,63376,86243,76211,10032
779,2024-03-25,49434,44836,4598,80480,71843,8637,416440,346004,70436,106992,94775,12217
780,2024-03-26,40637,37235,3402,62195,55413,6782,339877,266716,73161,84287,73095,11192
781,2024-03-27,51197,46292,4905,81424,72781,8643,432509,351029,81480,111328,96013,15315
782,2024-03-28,53914,48833,5081,89231,79762,9469,453525,384255,69270,115213,105219,9994
783,2024-03-29,51686,46856,4830,83275,73961,9314,434824,356362,78462,112489,97566,14923
784,2024-03-30,45330,41370,3960,73300,64393,8907,381954,310310,71644,97618,84941,12677
785,2024-03-31,49892,45285,4607,78849,70245,8604,418489,338490,79999,106105,92665,13440
786,2024-04-01,51521,47053,4468,82310,73484,8826,435343,354484,80859,109707,96940,12767
787,2024-04-02,54289,49500,4789,86641,77053,9588,457862,371002,86860,116071,101644,14427
788,2024-04-03,42838,38609,4229,66062,58426,7636,359302,281346,77956,89891,77075,12816
789,2024-04-04,49481,44834,4647,80655,70974,9681,416651,341807,74844,105481,93626,11855
790,2024-04-05,55188,50081,5107,88368,79119,9249,465649,381125,84524,118161,104374,13787
791,2024-04-06,48615,44364,4251,78428,69855,8573,409502,336933,72569,104475,92151,12324
792,2024-04-07,51971,47361,4610,83518,74777,8741,436183,360708,75475,113006,98644,14362
793,2024-04-08,47314,42640,4674,74563,66684,7879,398142,321130,77012,101233,87967,13266
794,2024-04-09,53214,48081,5133,84687,75306,9381,449791,362679,87112,113694,99343,14351
795,2024-04-10,51246,46669,4577,81582,72243,9339,429965,348194,81771,108911,95304,13607
796,2024-04-11,56732,51165,5567,92520,82237,10283,478413,396668,81745,123490,108487,15003
797,2024-04-12,50417,45453,4964,80674,71497,9177,425527,344837,80690,106805,94313,12492
798,2024-04-13,41590,37942,3648,66479,58474,8005,346968,281436,65532,85617,77135,8482
799,2024-04-14,47503,42792,4711,75249,66658,8591,399609,321449,78160,101552,87933,13619
800,2024-04-15,57434,52353,5081,94222,83658,10564,485214,403132,82082,123705,110358,13347
801,2024-04-16,52952,48132,4820,85809,76247,9562,447767,367430,80337,112738,100586,12152
802,2024-04-17,48561,44197,4364,79123,70700,8423,407557,340824,66733,102599,93265,9334
803,2024-04-18,55498,50052,5446,91707,81568,10139,469218,393205,76013,119992,107604,12388
804,2024-04-19,49922,45415,4507,80509,71363,9146,421530,344262,77268,108053,94140,13913
805,2024-04-20,44687,40866,3821,69227,60955,8272,374311,293285,81026,96136,80409,15727
806,2024-04-21,42534,38391,4143,68014,60187,7827,355677,290032,65645,90696,79397,11299
807,2024-04-22,47557,42962,4595,76247,67763,8484,398461,326868,71593,101687,89390,12297
808,2024-04-23,51668,46743,4925,84022,74277,9745,433360,357753,75607,111831,97984,13847
809,2024-04-24,41330,37643,3687,63275,55422,7853,344328,266686,77642,85543,73108,12435
810,2024-04-25,52927,47895,5032,85130,76271,8859,444423,367293,77130,113582,100612,12970
811,2024-04-26,56191,50849,5342,90358,80308,10050,472452,387255,85197,121825,105942,15883
812,2024-04-27,46621,42466,4155,75057,67102,7955,390612,323194,67418,97545,88516,9029
813,2024-04-28,53700,48922,4778,86777,76914,9863,451968,370431,81537,115526,101465,14061
814,2024-04-29,42611,38557,4054,65351,58039,7312,357837,279743,78094,88432,76564,11868
815,2024-04-30,42990,38828,4162,67932,59932,8000,361090,288526,72564,91447,79058,12389
816,2024-05-01,41615,37604,4011,66776,59261,7515,349271,285438,63833,87919,78175,9744
817,2024-05-02,40816,37117,3699,64602,57604,6998,342437,277114,65323,84428,75988,8440
818,2024-05-03,46937,42824,4113,75353,66388,8965,394325,319942,74383,99007,87577,11430
819,2024-05-04,53752,48789,4963,86997,76803,10194,453021,370371,82650,116973,101314,15659
820,2024-05-05,45917,41565,4352,72001,63763,8238,384020,306840,77180,98331,84112,14219
821,2024-05-06,50226,45210,5016,80585,70928,9657,423563,342140,81423,107115,93567,13548
822,2024-05-07,42026,38377,3649,67241,59738,7503,353451,288020,65431,86973,78802,8171
823,2024-05-08,52735,48170,4565,87056,77417,9639,443477,373444,70033,114895,102128,12767
824,2024-05-09,54720,49747,4973,87913,77876,10037,460137,375622,84515,118113,102729,15384
825,2024-05-10,53622,48760,4862,87897,78416,9481,450321,378045,72276,115549,103443,12106
826,2024-05-11,53312,48304,5008,85046,75384,9662,448555,363257,85298,116302,99445,16857
827,2024-05-12,52311,47105,5206,86413,76560,9853,439257,368814,70443,110855,100993,9862
828,2024-05-13,43723,39386,4337,68335,61067,7268,366452,294293,72159,91331,80557,10774
829,2024-05-14,44474,40707,3767,69037,60724,8313,372468,292535,79933,92415,80105,12310
830,2024-05-15,50219,45691,4528,81188,72014,9174,423747,346799,76948,108278,94999,13279
831,2024-05-16,48158,43522,4636,75839,67011,8828,403145,322890,80255,103942,88401,15541
832,2024-05-17,43263,39037,4226,67968,59785,8183,363478,288022,75456,90742,78868,11874
833,2024-05-18,41965,38040,3925,64775,57204,7571,352754,275304,77450,89711,75461,14250
834,2024-05-19,40743,37375,3368,64690,57783,6907,340655,278268,62387,85696,76226,9470
835,2024-05-20,43281,39516,3765,70011,61665,8346,363319,296974,66345,91515,81346,10169
836,2024-05-21,40750,37177,3573,64359,57521,6838,340711,276841,63870,83987,75881,8106
837,2024-05-22,41320,37548,3772,65429,58574,6855,344849,282447,62402,88325,77267,11058
838,2024-05-23,45231,40948,4283,73242,65142,8100,380032,314217,65815,94879,85936,8943
839,2024-05-24,49351,44767,4584,80235,70730,9505,416551,341116,75435,106282,93308,12974
840,2024-05-25,54495,49240,5255,89551,79645,9906,460954,383936,77018,117195,105069,12126
841,2024-05-26,49881,45165,4716,81266,71971,9295,420148,346638,73510,106638,94945,11693
842,2024-05-27,46255,42309,3946,72117,63750,8367,387797,307167,80630,97950,84095,13855
843,2024-05-28,49637,44880,4757,80480,71343,9137,417789,343637,74152,107449,94113,13336
844,2024-05-29,54149,48784,5365,89234,79984,9250,456528,385623,70905,116344,105512,10832
845,2024-05-30,49937,45141,4796,80783,71180,9603,418710,342713,75997,106981,93901,13080
846,2024-05-31,41387,37250,4137,64875,57418,7457,346588,276897,69691,85273,75743,9530
847,2024-06-01,54230,48841,5389,87473,77689,9784,457833,374579,83254,116107,102482,13625
848,2024-06-02,53857,48750,5107,87860,77714,10146,454515,374348,80167,114799,102517,12282
849,2024-06-03,52024,46846,5178,82712,73700,9012,439272,355369,83903,112871,97223,15648
