,date,users,walk-run_users,bike_users,acts,walk-run_acts,bike_acts,distance,walk-run_distance,bike_distance,duration,walk-run_duration,bike_duration
0,2022-02-04,43077,38853,4224,66663,58805,7858,362030,283554,78476,89655,77572,12083
1,2022-02-06,46008,41841,4167,72130,64422,7708,386976,310141,76835,97956,84981,12975
2,2022-02-07,44529,40190,4339,70034,62621,7413,372527,301346,71181,95424,82604,12820
3,2022-02-08,52797,47924,4873,84382,74836,9546,445805,360679,85126,111880,98719,13161
4,2022-02-09,47902,43150,4752,75930,67846,8084,403461,326820,76641,101266,89502,11764
5,2022-02-10,44892,40742,4150,72609,63940,8669,375727,308422,67305,95699,84349,11350
6,2022-02-11,45281,40923,4358,73207,65230,7977,381229,314328,66901,94337,86051,8286
7,2022-02-12,44611,40706,3905,69789,62014,7775,374733,298709,76024,94819,81808,13011
8,2022-02-13,51753,46808,4945,82087,72957,9130,437419,351364,86055,109652,96245,13407
9,2022-02-14,43373,39209,4164,67734,60446,7288,364734,290857,73877,90425,79738,10687
10,2022-02-15,52157,47543,4614,85743,76317,9426,440548,368162,72386,111469,100678,10791
11,2022-02-16,42421,38391,4030,65047,57474,7573,354407,276715,77692,87853,75814,12039
12,2022-02-17,52574,47348,5226,84028,74067,9961,442116,357084,85032,113706,97710,15996
13,2022-02-18,53544,48456,5088,85853,76997,8856,451390,370927,80463,115581,101571,14010
14,2022-02-19,50144,45555,4589,81160,72781,8379,423411,350848,72563,106130,96012,10118
15,2022-02-20,55511,50534,4977,92215,82502,9713,469573,397555,72018,118955,108833,10122
16,2022-02-21,44393,40078,4315,71301,63384,7917,373510,305286,68224,92250,83612,8638
17,2022-02-22,44875,40812,4063,71802,63966,7836,377492,308272,69220,95801,84383,11418
18,2022-02-23,53942,48960,4982,86443,76352,10091,455340,368302,87038,116013,100721,15292
19,2022-02-24,40284,36782,3502,62631,55036,7595,337230,265279,71951,84595,72597,11998
20,2022-02-25,40311,36372,3939,63455,55511,7944,337395,267553,69842,85084,73224,11860
21,2022-02-26,43352,39570,3782,68367,60243,8124,362637,290180,72457,89647,79469,10178
22,2022-02-27,54192,49302,4890,88719,79361,9358,455490,382224,73266,116093,104692,11401
23,2022-02-28,54164,49004,5160,89791,79567,10224,456153,383787,72366,116710,104961,11749
24,2022-03-01,54739,49512,5227,90668,80831,9837,462231,389807,72424,118128,106633,11495
25,2022-03-02,51094,46675,4419,84112,75356,8756,429399,363004,66395,108512,99407,9105
26,2022-03-03,48031,43291,4740,76502,67489,9013,403892,324872,79020,102970,89030,13940
27,2022-03-04,41118,37440,3678,62876,55235,7641,342514,266295,76219,85036,72863,12173
28,2022-03-05,54187,48913,5274,88091,77688,10403,455696,374592,81104,116795,102486,14309
29,2022-03-06,55734,50579,5155,90901,80741,10160,469537,389161,80376,118740,106511,12229
30,2022-03-07,51782,47113,4669,85215,75731,9484,437250,364837,72413,112309,99901,12408
31,2022-03-08,40993,37109,3884,62392,54694,7698,342487,263236,79251,84679,72151,12528
32,2022-03-09,41569,37802,3767,66706,59705,7001,348144,287601,60543,85933,78757,7176
33,2022-03-10,50770,45873,4897,81176,72125,9051,427893,347566,80327,109707,95142,14565
34,2022-03-11,48827,44153,4674,76843,67585,9258,411998,325944,86054,105049,89156,15893
35,2022-03-12,49339,44981,4358,79077,70037,9040,415859,337780,78079,106631,92393,14238
36,2022-03-13,43983,39990,3993,71065,62544,8521,368117,300987,67130,93689,82507,11182
37,2022-03-14,42835,38799,4036,68517,61235,7282,358309,294958,63351,90136,80778,9358
38,2022-03-15,43590,39903,3687,67424,59546,7878,364550,287180,77370,92681,78551,14130
39,2022-03-16,51546,46846,4700,83367,73834,9533,433674,355756,77918,109034,97397,11637
40,2022-03-17,45658,41513,4145,71592,63298,8294,382391,305146,77245,97880,83499,14381
41,2022-03-18,50117,45671,4446,80979,71429,9550,419934,343980,75954,108176,94230,13946
42,2022-03-19,41527,37977,3550,65348,58095,7253,346868,279803,67065,86181,76637,9544
43,2022-03-20,43992,39698,4294,70319,62594,7725,369990,301542,68448,92709,82572,10137
44,2022-03-21,51090,46229,4861,81271,72252,9019,431201,348473,82728,109669,95309,14360
45,2022-03-22,42437,38505,3932,65942,58142,7800,354679,280391,74288,90211,76701,13510
46,2022-03-23,54426,49650,4776,87226,77595,9631,458324,374204,84120,116728,102358,14370
47,2022-03-24,56585,51088,5497,90842,80284,10558,477973,387208,90765,121267,105908,15359
48,2022-03-25,43604,39617,3987,67477,60362,7115,365205,290747,74458,93022,79627,13395
49,2022-03-26,41240,37467,3773,64748,56877,7871,344914,273977,70937,85189,75031,10158
50,2022-03-27,51261,46454,4807,81574,72992,8582,429911,351876,78035,111538,96286,15252
51,2022-03-28,57266,51755,5511,95286,84484,10802,484957,407610,77347,122365,111447,10918
52,2022-03-29,57538,51809,5729,95717,85723,9994,485040,413549,71491,123728,113087,10641
53,2022-03-30,50362,45974,4388,79649,71127,8522,424567,342956,81611,108667,93826,14841
54,2022-03-31,42590,38974,3616,66772,59257,7515,357553,285661,71892,88559,78172,10387
55,2022-04-01,54067,49296,4771,88539,78676,9863,453979,379586,74393,117528,103789,13739
56,2022-04-02,51888,47335,4553,82204,73438,8766,437380,353554,83826,113013,96879,16134
57,2022-04-03,53741,48974,4767,85795,76869,8926,451623,370375,81248,116852,101401,15451
58,2022-04-04,44133,40287,3846,71182,62887,8295,369453,302878,66575,94501,82955,11546
59,2022-04-05,52330,47751,4579,85555,76254,9301,441444,367525,73919,110844,100590,10254
60,2022-04-06,48998,44558,4440,77733,69289,8444,411571,334086,77485,103195,91404,11791
61,2022-04-07,49569,44721,4848,79166,70121,9045,416267,337875,78392,104269,92499,11770
62,2022-04-08,51791,46941,4850,82250,73484,8766,437498,353885,83613,110914,96937,13977
63,2022-04-09,52881,47913,4968,85164,75271,9893,445958,362726,83232,114884,99297,15587
64,2022-04-10,46246,42114,4132,72577,64452,8125,388721,310313,78408,98161,85021,13140
65,2022-04-11,42051,38504,3547,65352,57257,8095,352122,275671,76451,88218,75527,12691
66,2022-04-12,56781,51482,5299,92409,82335,10074,477748,397128,80620,123683,108612,15071
67,2022-04-13,50709,45852,4857,82470,73869,8601,426254,355642,70612,109154,97444,11710
68,2022-04-14,50651,45808,4843,80197,71284,8913,426958,343212,83746,108767,94032,14735
69,2022-04-15,42351,38455,3896,65054,57640,7414,354313,278017,76296,88508,76033,12475
70,2022-04-16,39764,36086,3678,61543,54030,7513,331080,259935,71145,81336,71270,10066
71,2022-04-17,41245,37672,3573,65138,57407,7731,343797,276402,67395,85766,75725,10041
72,2022-04-18,52358,47426,4932,83239,74150,9089,440487,357532,82955,111365,97817,13548
73,2022-04-19,43635,39736,3899,69245,61611,7634,366135,297013,69122,91357,81276,10081
74,2022-04-20,43855,39695,4160,70939,62263,8676,369386,300285,69101,92481,82134,10347
75,2022-04-21,52121,47352,4769,84008,74019,9989,440161,356394,83767,113388,97645,15743
76,2022-04-22,40684,37321,3363,63618,56073,7545,341084,270422,70662,83445,73971,9474
77,2022-04-23,54981,49482,5499,90143,80711,9432,464947,389046,75901,119420,106471,12949
78,2022-04-24,52394,47298,5096,84488,75078,9410,442676,361919,80757,111202,99040,12162
79,2022-04-25,46096,41891,4205,74214,65523,8691,385363,315990,69373,96062,86433,9629
80,2022-04-26,44305,40365,3940,70695,62874,7821,372150,302925,69225,94619,82940,11679
81,2022-04-27,46577,41985,4592,73919,65622,8297,390068,315846,74222,98251,86566,11685
82,2022-04-28,48344,44163,4181,78786,69329,9457,404928,334014,70914,101397,91453,9944
83,2022-04-29,41028,36934,4094,62564,55108,7456,344371,265236,79135,85293,72696,12597
84,2022-04-30,51894,46880,5014,83296,74179,9117,437598,357448,80150,112768,97854,14914
85,2022-05-01,56555,51450,5105,93877,83646,10231,478115,403497,74618,121575,110342,11233
86,2022-05-02,45080,40698,4382,70499,63102,7397,378840,303655,75185,96300,83238,13062
87,2022-05-03,51504,46930,4574,83700,74080,9620,433981,357401,76580,108990,97721,11269
88,2022-05-04,39860,36434,3426,63653,56712,6941,334758,273207,61551,84852,74813,10039
89,2022-05-05,45642,41665,3977,70944,62827,8117,383709,302548,81161,97675,82881,14794
90,2022-05-06,48845,44310,4535,77241,68096,9145,409007,328221,80786,104665,89827,14838
91,2022-05-07,44329,40420,3909,70119,62604,7515,372901,301746,71155,92788,82582,10206
92,2022-05-08,49824,44927,4897,78725,69597,9128,420165,335379,84786,105147,91810,13337
93,2022-05-09,53764,48545,5219,87565,78485,9080,452892,378160,74732,116399,103534,12865
94,2022-05-10,51053,46101,4952,83397,74209,9188,430035,357275,72760,108464,97896,10568
95,2022-05-11,52013,47202,4811,82818,73198,9620,436618,352408,84210,111381,96559,14822
96,2022-05-12,50944,46328,4616,83317,74629,8688,427294,359349,67945,109616,98451,11165
97,2022-05-13,54120,48927,5193,87410,77438,9972,455037,373170,81867,117932,102157,15775
98,2022-05-14,46769,42776,3993,73674,65197,8477,393686,313889,79797,98513,86005,12508
99,2022-05-15,41315,37370,3945,65971,58165,7806,344419,279949,64470,86031,76726,9305
100,2022-05-16,52559,47611,4948,84765,75246,9519,441976,362958,79018,113054,99259,13795
101,2022-05-17,42406,38193,4213,68084,59957,8127,355897,288904,66993,89350,79089,10261
102,2022-05-18,49152,44726,4426,77799,69443,8356,414303,334941,79362,106000,91610,14390
103,2022-05-19,46126,41947,4179,74576,65594,8982,385696,315779,69917,98044,86526,11518
104,2022-05-20,51720,46706,5014,82044,73503,8541,436856,354074,82782,111507,96961,14546
105,2022-05-21,48266,44006,4260,76350,67702,8648,404092,325935,78157,103610,89311,14299
106,2022-05-22,41740,37728,4012,64978,57455,7523,348175,277092,71083,87022,75794,11228
107,2022-05-23,42243,38240,4003,66383,58447,7936,353391,281695,71696,88698,77099,11599
108,2022-05-24,50149,45625,4524,81777,72090,9687,420385,347049,73336,108883,95098,13785
109,2022-05-25,49004,44476,4528,78610,70232,8378,412879,338069,74810,105292,92645,12647
110,2022-05-26,45180,40966,4214,70542,61923,8619,380593,298253,82340,97129,81686,15443
111,2022-05-27,41982,38473,3509,67596,59239,8357,351237,285641,65596,89471,78145,11326
112,2022-05-28,46650,42650,4000,75549,66694,8855,391384,321273,70111,98199,87977,10222
113,2022-05-29,47050,42408,4642,75529,66941,8588,394779,322404,72375,99916,88308,11608
114,2022-05-30,50534,45629,4905,82362,72663,9699,425988,350055,75933,107455,95856,11599
115,2022-05-31,50948,45924,5024,82815,73479,9336,429462,353999,75463,108904,96932,11972
116,2022-06-01,42295,38378,3917,67265,59038,8227,354095,284640,69455,90223,77879,12344
117,2022-06-02,40446,36682,3764,63777,56585,7192,337936,272773,65163,84074,74646,9428
118,2022-06-03,44647,40622,4025,69051,61431,7620,373269,296079,77190,93067,81039,12028
119,2022-06-04,46977,42740,4237,76627,67994,8633,394261,327346,66915,100913,89696,11217
120,2022-06-05,44367,40061,4306,69192,61808,7384,371899,297463,74436,94072,81534,12538
121,2022-06-06,53205,48389,4816,86998,77207,9791,446875,371812,75063,115287,101850,13437
122,2022-06-07,50909,46191,4718,82829,73107,9722,429648,352536,77112,110814,96437,14377
123,2022-06-08,50674,45623,5051,80541,71458,9083,428077,344461,83616,107320,94264,13056
124,2022-06-09,42779,38997,3782,66166,59225,6941,356681,285597,71084,89973,78126,11847
125,2022-06-10,57009,52011,4998,92668,82628,10040,479554,398217,81337,122992,108999,13993
126,2022-06-11,44604,40620,3984,69095,60836,8259,374400,293338,81062,94087,80255,13832
127,2022-06-12,39867,36311,3556,62709,56099,6610,333655,269996,63659,83542,74005,9537
128,2022-06-13,50069,45078,4991,79101,69895,9206,421542,337138,84404,106332,92201,14131
129,2022-06-14,54879,49832,5047,90022,79732,10290,462541,384472,78069,118680,105180,13500
130,2022-06-15,50785,46389,4396,82458,73501,8957,426695,354543,72152,109376,96962,12414
131,2022-06-16,43176,39532,3644,68717,61139,7578,363513,294831,68682,90879,80653,10226
132,2022-06-17,50991,46140,4851,82210,72651,9559,428552,349860,78692,108647,95842,12805
133,2022-06-18,42911,39082,3829,66601,58635,7966,360065,282575,77490,88600,77349,11251
134,2022-06-19,42381,38399,3982,67451,59455,7996,356351,286745,69606,88806,78427,10379
135,2022-06-20,44721,40891,3830,70973,62416,8557,376121,300811,75310,94800,82335,12465
136,2022-06-21,56784,51521,5263,94357,83912,10445,479122,404672,74450,122954,110696,12258
137,2022-06-22,57162,51846,5316,92179,82451,9728,482128,397612,84516,122484,108764,13720
138,2022-06-23,55335,50184,5151,90354,81009,9345,467718,390171,77547,120493,106866,13627
139,2022-06-24,53599,48397,5202,87670,78291,9379,452140,377268,74872,116042,103276,12766
140,2022-06-25,47626,43477,4149,77474,68422,9052,399080,329673,69407,100774,90263,10511
141,2022-06-26,51751,46928,4823,82545,73665,8880,434937,355100,79837,110317,97176,13141
142,2022-06-27,40149,36227,3922,63366,55775,7591,335585,268910,66675,82427,73578,8849
143,2022-06-28,55900,50939,4961,91689,81656,10033,472919,393581,79338,119288,107718,11570
144,2022-06-29,48370,44124,4246,77258,68107,9151,405938,328467,77471,102980,89843,13137
145,2022-06-30,44480,40653,3827,69177,61377,7800,373847,295583,78264,92338,80964,11374
146,2022-07-01,55140,49901,5239,90512,80392,10120,464523,387661,76862,119451,106054,13397
147,2022-07-02,50874,46454,4420,81690,72362,9328,427334,348699,78635,108805,95458,13347
148,2022-07-03,46509,42370,4139,75152,66467,8685,390519,320237,70282,99982,87678,12304
149,2022-07-04,47241,42942,4299,76953,67641,9312,398383,326120,72263,99132,89230,9902
150,2022-07-05,46753,42399,4354,75342,67335,8007,392889,324725,68164,100951,88823,12128
151,2022-07-06,56239,51211,5028,93010,82849,10161,474284,399599,74685,121658,109290,12368
152,2022-07-07,52962,48040,4922,86489,76784,9705,447744,370230,77514,112679,101292,11387
153,2022-07-08,48471,43685,4786,76550,67789,8761,405972,326426,79546,103230,89423,13807
154,2022-07-09,48889,44129,4760,77771,68678,9093,411450,330874,80576,102800,90598,12202
155,2022-07-10,52884,47603,5281,86543,76839,9704,446666,370647,76019,115276,101364,13912
156,2022-07-11,43051,39041,4010,68399,60958,7441,360751,293941,66810,91539,80411,11128
157,2022-07-12,44559,40413,4146,70060,62028,8032,372328,298800,73528,94581,81823,12758
158,2022-07-13,49985,45507,4478,80977,72448,8529,422115,349148,72967,106068,95572,10496
159,2022-07-14,43999,40048,3951,68441,60984,7457,370484,293532,76952,92883,80446,12437
160,2022-07-15,52595,47579,5016,86489,77242,9247,443283,372182,71101,114338,101896,12442
161,2022-07-16,39882,36312,3570,60460,53751,6709,334069,258910,75159,83870,70902,12968
162,2022-07-17,44233,39964,4269,70695,62306,8389,371134,300182,70952,92668,82192,10476
163,2022-07-18,48461,44213,4248,76927,67841,9086,408108,327042,81066,102614,89491,13123
164,2022-07-19,52291,47467,4824,83408,74168,9240,438943,357780,81163,112452,97839,14613
165,2022-07-20,50852,46429,4423,83388,74046,9342,427056,356524,70532,107620,97678,9942
166,2022-07-21,41738,37830,3908,66395,58905,7490,348533,283893,64640,86644,77705,8939
167,2022-07-22,56361,50747,5614,90855,81469,9386,476917,392329,84588,122806,107475,15331
168,2022-07-23,47870,43088,4782,77394,69064,8330,402322,333008,69314,101254,91110,10144
169,2022-07-24,56329,50762,5567,91463,81999,9464,476633,395310,81323,122399,108171,14228
170,2022-07-25,48742,44201,4541,76483,68340,8143,408864,329075,79789,103048,90151,12897
171,2022-07-26,50426,45855,4571,82185,73359,8826,424420,353705,70715,107090,96775,10315
172,2022-07-27,56697,51086,5611,91252,81528,9724,480032,392795,87237,122319,107552,14767
173,2022-07-28,54839,49828,5011,89562,79561,10001,462270,383310,78960,119298,104952,14346
174,2022-07-29,50846,45942,4904,80898,71786,9112,426462,346183,80279,110128,94698,15430
175,2022-07-30,51871,46727,5144,83641,74466,9175,438224,359208,79016,110175,98231,11944
176,2022-07-31,41894,38252,3642,67200,59884,7316,351955,288780,63175,86974,78993,7981
177,2022-08-01,54189,48849,5340,89713,80278,9435,456654,386969,69685,117424,105898,11526
178,2022-08-02,55674,50144,5530,91770,82326,9444,469803,397028,72775,118714,108601,10113
179,2022-08-03,49719,45227,4492,78842,69933,8909,416789,337052,79737,107656,92250,15406
180,2022-08-04,57209,51723,5486,93434,83156,10278,483213,400677,82536,124197,109697,14500
181,2022-08-05,43719,39679,4040,69604,61901,7703,366987,298003,68984,93738,81660,12078
182,2022-08-06,52336,47104,5232,86315,77380,8935,440038,372952,67086,112857,102075,10782
183,2022-08-07,56731,51264,5467,91388,81274,10114,477497,391985,85512,123793,107215,16578
184,2022-08-08,55060,49931,5129,90143,79975,10168,463661,385519,78142,118491,105503,12988
185,2022-08-09,39793,36042,3751,61693,54093,7600,331054,260553,70501,81299,71356,9943
186,2022-08-10,52630,48042,4588,84507,75314,9193,444253,362627,81626,113422,99355,14067
187,2022-08-11,55937,50643,5294,91699,81042,10657,471667,390644,81023,119893,106912,12981
188,2022-08-12,49078,44508,4570,77392,68826,8566,412262,331378,80884,105423,90794,14629
189,2022-08-13,43597,39749,3848,68535,61073,7462,364579,294073,70506,92213,80564,11649
190,2022-08-14,40870,36791,4079,64884,57410,7474,341662,276909,64753,83998,75732,8266
191,2022-08-15,46784,42720,4064,75627,66790,8837,393332,322011,71321,99006,88108,10898
192,2022-08-16,41179,37184,3995,65006,57393,7613,343202,276088,67114,85583,75713,9870
193,2022-08-17,43110,39362,3748,68494,61329,7165,360086,295556,64530,90332,80901,9431
194,2022-08-18,47248,43234,4014,74837,66393,8444,396744,319714,77030,99128,87584,11544
195,2022-08-19,47010,42746,4264,74204,66030,8174,393983,318318,75665,99938,87106,12832
196,2022-08-20,49962,45580,4382,80958,72582,8376,420256,350114,70142,107957,95747,12210
197,2022-08-21,51792,46789,5003,84412,74364,10048,435152,358152,77000,109488,98100,11388
198,2022-08-22,45394,41392,4002,73051,64243,8808,381923,309514,72409,96649,84749,11900
199,2022-08-23,47839,43240,4599,75682,66654,9028,401835,321193,80642,101081,87927,13154
200,2022-08-24,48087,43791,4296,75295,66516,8779,403505,320375,83130,103636,87743,15893
201,2022-08-25,40516,36801,3715,63996,57307,6689,337396,276244,61152,84262,75596,8666
202,2022-08-26,43752,40004,3748,69323,61072,8251,365682,294251,71431,91719,80565,11154
203,2022-08-27,45119,40901,4218,72592,63875,8717,376948,308065,68883,95422,84263,11159
204,2022-08-28,54281,49060,5221,89545,80279,9266,458095,386944,71151,115289,105900,9389
205,2022-08-29,52251,47264,4987,84007,74055,9952,441726,356752,84974,112189,97692,14497
206,2022-08-30,56970,51808,5162,94679,84686,9993,479691,407956,71735,124942,111715,13227
207,2022-08-31,51195,46138,5057,84265,75505,8760,431445,364142,67303,110988,99602,11386
208,2022-09-01,40399,37040,3359,61402,54249,7153,338074,261577,76497,83611,71565,12046
209,2022-09-02,41840,38026,3814,67029,59269,7760,349994,285433,64561,89439,78186,11253
210,2022-09-03,43655,39704,3951,70107,62787,7320,366191,302525,63666,92885,82826,10059
211,2022-09-04,43685,39475,4210,67725,60591,7134,364892,291904,72988,92947,79931,13016
212,2022-09-05,55777,50722,5055,90619,80853,9766,469974,390075,79899,121865,106662,15203
213,2022-09-06,46580,42292,4288,74849,66633,8216,389700,321208,68492,98914,87901,11013
214,2022-09-07,50163,45396,4767,80813,72111,8702,422085,347230,74855,105789,95128,10661
215,2022-09-08,52023,47359,4664,84105,75116,8989,439787,362295,77492,111812,99090,12722
216,2022-09-09,49255,44443,4812,78748,69703,9045,415384,335646,79738,106622,91950,14672
217,2022-09-10,54527,49128,5399,90314,80648,9666,459159,388987,70172,118273,106390,11883
218,2022-09-11,45038,40627,4411,69801,62353,7448,378374,300102,78272,96160,82252,13908
219,2022-09-12,44837,40871,3966,72788,65147,7641,377528,313872,63656,94756,85940,8816
220,2022-09-13,54147,48969,5178,89182,78854,10328,456870,379822,77048,117285,104022,13263
221,2022-09-14,42882,39247,3635,66921,59183,7738,358953,285040,73913,89240,78071,11169
222,2022-09-15,52581,47427,5154,85537,76244,9293,443749,367505,76244,112633,100576,12057
223,2022-09-16,47704,43639,4065,77218,68166,9052,401450,328321,73129,102426,89925,12501
224,2022-09-17,42402,38309,4093,66019,58993,7026,355345,283874,71471,87564,77823,9741
225,2022-09-18,49754,45335,4419,81334,71667,9667,419427,345410,74017,104787,94544,10243
226,2022-09-19,46382,41892,4490,74247,65633,8614,389607,315906,73701,97910,86579,11331
227,2022-09-20,49076,44834,4242,80109,71072,9037,412738,342252,70486,104872,93759,11113
228,2022-09-21,54299,48981,5318,87583,77435,10148,457637,373143,84494,115476,102147,13329
229,2022-09-22,49599,45256,4343,81016,72488,8528,417699,349218,68481,107738,95627,12111
230,2022-09-23,46166,41983,4183,71925,64142,7783,389226,309120,80106,99113,84611,14502
231,2022-09-24,57042,51629,5413,91711,81949,9762,481501,394903,86598,122289,108102,14187
232,2022-09-25,55094,49768,5326,90271,80719,9552,463492,389209,74283,117173,106481,10692
233,2022-09-26,56972,51716,5256,92874,83068,9806,481436,400425,81011,123223,109579,13644
234,2022-09-27,53989,49268,4721,87178,77443,9735,454843,373132,81711,116877,102158,14719
235,2022-09-28,51515,46922,4593,83980,74373,9607,435221,358532,76689,109097,98109,10988
236,2022-09-29,55448,50583,4865,90954,80456,10498,466755,387838,78917,120978,106137,14841
237,2022-09-30,54577,49804,4773,90242,80254,9988,459323,387062,72261,116090,105870,10220
238,2022-10-01,44627,40214,4413,70317,62461,7856,373417,300740,72677,94784,82393,12391
239,2022-10-02,41766,37829,3937,67172,59748,7424,347923,287703,60220,86777,78817,7960
240,2022-10-03,52128,47111,5017,85226,75404,9822,438191,363471,74720,113483,99468,14015
241,2022-10-04,42089,38333,3756,67482,59984,7498,354084,288720,65364,88359,79129,9230
242,2022-10-05,49492,45080,4412,78366,69452,8914,415938,334929,81009,105770,91617,14153
243,2022-10-06,57408,52111,5297,93063,83042,10021,485767,399953,85814,125849,109550,16299
244,2022-10-07,50938,45944,4994,81000,71534,9466,429535,344614,84921,107804,94362,13442
245,2022-10-08,47787,43654,4133,75944,67480,8464,402602,325449,77153,101817,89017,12800
246,2022-10-09,46737,42643,4094,74673,66150,8523,392562,319035,73527,99923,87264,12659
247,2022-10-10,52129,47571,4558,83085,73237,9848,438668,352955,85713,110983,96609,14374
248,2022-10-11,52608,47799,4809,83634,73954,9680,443169,356358,86811,112468,97561,14907
249,2022-10-12,40811,37265,3546,62242,55414,6828,341853,266911,74942,84634,73097,11537
250,2022-10-13,54757,49581,5176,90690,80177,10513,463153,386168,76985,116774,105764,11010
251,2022-10-14,56725,51595,5130,93422,83616,9806,479509,402689,76820,123661,110303,13358
252,2022-10-15,44072,40359,3713,69315,61749,7566,367945,297666,70279,94426,81459,12967
253,2022-10-16,43847,40054,3793,69581,61494,8087,369229,296056,73173,91140,81118,10022
254,2022-10-17,56280,50988,5292,90982,81340,9642,474787,392143,82644,119974,107304,12670
255,2022-10-18,41728,38092,3636,67136,59820,7316,347880,288235,59645,87453,78913,8540
256,2022-10-19,46972,42984,3988,74574,65517,9057,394781,315378,79403,101510,86428,15082
257,2022-10-20,54927,49990,4937,90430,81112,9318,462652,390611,72041,117307,107003,10304
258,2022-10-21,49562,45255,4307,80384,71059,9325,417780,342565,75215,104780,93741,11039
259,2022-10-22,41161,37690,3471,64432,56496,7936,344175,272051,72124,87515,74527,12988
260,2022-10-23,42352,38785,3567,65211,57131,8080,354127,275270,78857,87815,75362,12453
261,2022-10-24,47552,43385,4167,77034,68370,8664,399205,329208,69997,102172,90188,11984
262,2022-10-25,52049,46953,5096,84865,75176,9689,438599,362121,76478,111218,99168,12050
263,2022-10-26,47027,42367,4660,75371,66959,8412,393873,322683,71190,100004,88329,11675
264,2022-10-27,41797,38053,3744,66993,59630,7363,349961,287559,62402,87832,78658,9174
265,2022-10-28,42936,39056,3880,68785,60640,8145,361025,292072,68953,89965,79990,9975
266,2022-10-29,44495,40511,3984,69594,62273,7321,371530,300316,71214,92584,82147,10437
267,2022-10-30,57277,51915,5362,93266,82788,10478,483245,398771,84474,125723,109211,16512
268,2022-10-31,41185,37253,3932,64197,57439,6758,344288,276496,67792,87923,75768,12155
269,2022-11-01,57542,52501,5041,95770,85680,10090,485638,413036,72602,125366,113029,12337
270,2022-11-02,53561,48279,5282,86732,77602,9130,452811,374227,78584,116825,102367,14458
271,2022-11-03,51337,46249,5088,81669,72411,9258,433303,349159,84144,111558,95521,16037
272,2022-11-04,40561,36695,3866,64413,57222,7191,339908,275965,63943,83421,75482,7939
273,2022-11-05,40451,36611,3840,62617,55032,7585,338207,264715,73492,84193,72597,11596
274,2022-11-06,52056,47239,4817,85176,75426,9750,440045,363312,76733,112897,99499,13398
275,2022-11-07,44057,40192,3865,71270,63615,7655,369126,306406,62720,94146,83915,10231
276,2022-11-08,56185,51260,4925,93002,82905,10097,472463,399496,72967,120604,109363,11241
277,2022-11-09,51189,46669,4520,82125,72787,9338,429635,351084,78551,108593,96021,12572
278,2022-11-10,53704,48433,5271,86726,77741,8985,451858,374766,77092,117106,102555,14551
279,2022-11-11,55903,50462,5441,91113,81565,9548,470802,393474,77328,119815,107600,12215
280,2022-11-12,52563,47910,4653,84527,75188,9339,441180,362243,78937,112253,99188,13065
281,2022-11-13,53035,48070,4965,85712,76106,9606,446767,367055,79712,113356,100400,12956
282,2022-11-14,55469,49952,5517,91748,82115,9633,468743,395472,73271,119665,108326,11339
283,2022-11-15,48845,44338,4507,79000,70447,8553,412419,339211,73208,105061,92934,12127
284,2022-11-16,43368,39404,3964,68538,61359,7179,363130,295554,67576,89883,80941,8942
285,2022-11-17,52423,47793,4630,85188,76056,9132,441716,366565,75151,114123,100332,13791
286,2022-11-18,43364,39667,3697,69222,61387,7835,364620,295938,68682,90281,80981,9300
287,2022-11-19,49456,44805,4651,80835,72383,8452,415907,348841,67066,106032,95487,10545
288,2022-11-20,47843,43227,4616,76287,67603,8684,401950,325558,76392,101064,89182,11882
289,2022-11-21,51239,46136,5103,84357,74892,9465,429888,360881,69007,111328,98792,12536
290,2022-11-22,45518,41573,3945,72674,64545,8129,383689,310859,72830,95632,85143,10489
291,2022-11-23,45780,41432,4348,73188,65482,7706,384699,315764,68935,97838,86380,11458
292,2022-11-24,53891,48695,5196,86434,76442,9992,452446,368405,84041,115534,100841,14693
293,2022-11-25,52915,48087,4828,86797,77349,9448,444019,372770,71249,115503,102037,13466
294,2022-11-26,56413,50821,5592,90673,80348,10325,475463,387215,88248,120408,105991,14417
295,2022-11-27,41593,37456,4137,63732,56796,6936,349710,273462,76248,86704,74923,11781
296,2022-11-28,55716,50664,5052,90664,80537,10127,471359,388380,82979,119558,106241,13317
297,2022-11-29,57391,52217,5174,95276,84676,10600,484481,408359,76122,123371,111704,11667
298,2022-11-30,40266,36853,3413,62070,54579,7491,335015,262551,72464,83731,71997,11734
299,2022-12-01,53927,48726,5201,86538,77097,9441,454287,371627,82660,116513,101703,14810
300,2022-12-02,41169,37260,3909,62757,55877,6880,344703,269068,75635,87659,73711,13948
301,2022-12-03,41873,38298,3575,67188,59110,8078,350201,284803,65398,88837,77977,10860
302,2022-12-04,44425,39991,4434,70254,61701,8553,373952,296946,77006,95120,81391,13729
303,2022-12-05,48109,43814,4295,78619,70448,8171,404973,339570,65403,103947,92930,11017
304,2022-12-06,44336,40355,3981,69368,60852,8516,373122,292815,80307,95046,80276,14770
305,2022-12-07,48459,44292,4167,78695,70544,8151,406351,339773,66578,102615,93057,9558
306,2022-12-08,40273,36436,3837,61496,54404,7092,338512,261654,76858,84661,71767,12894
307,2022-12-09,49972,45058,4914,81676,72165,9511,421987,347706,74281,107851,95200,12651
308,2022-12-10,46920,42347,4573,73921,65094,8827,392489,314002,78487,101418,85868,15550
309,2022-12-11,48251,43569,4682,76875,68766,8109,406470,331693,74777,103269,90716,12553
310,2022-12-12,47571,43238,4333,76048,67699,8349,399491,326316,73175,102774,89304,13470
311,2022-12-13,43605,39464,4141,68277,60833,7444,365946,292757,73189,90904,80250,10654
312,2022-12-14,56783,51193,5590,91641,82159,9482,478061,395892,82169,122551,108383,14168
313,2022-12-15,43094,38949,4145,69618,61704,7914,360038,297252,62786,92485,81398,11087
314,2022-12-16,53164,48485,4679,87130,77254,9876,448861,372113,76748,114525,101909,12616
315,2022-12-17,51514,46847,4667,84710,75172,9538,432514,362138,70376,110861,99166,11695
316,2022-12-18,42701,38864,3837,67894,60569,7325,357156,291718,65438,90116,79898,10218
317,2022-12-19,40878,37242,3636,63022,55609,7413,342133,267945,74188,84887,73359,11528
318,2022-12-20,55011,49846,5165,91196,81202,9994,463975,391558,72417,120085,107121,12964
319,2022-12-21,51051,45950,5101,80718,71526,9192,429213,344592,84621,107726,94354,13372
320,2022-12-22,49371,44598,4773,80007,71092,8915,416334,342653,73681,106070,93781,12289
321,2022-12-23,57501,52244,5257,93345,82967,10378,485680,399989,85691,124067,109450,14617
322,2022-12-24,53337,48219,5118,85672,76835,8837,450958,370144,80814,114222,101356,12866
323,2022-12-25,45552,41690,3862,72960,64899,8061,380803,312912,67891,95877,85609,10268
324,2022-12-26,53551,48680,4871,87962,77977,9985,450656,375780,74876,115052,102865,12187
325,2022-12-27,52384,47244,5140,84939,75596,9343,440221,364074,76147,112093,99725,12368
326,2022-12-28,54638,49735,4903,88431,78301,10130,460314,377753,82561,119179,103295,15884
327,2022-12-29,44627,40249,4378,71730,63033,8697,373212,303403,69809,95328,83153,12175
328,2022-12-30,44088,39939,4149,69328,60962,8366,368714,293435,75279,91413,80417,10996
329,2022-12-31,44266,40145,4121,71686,63735,7951,371805,307233,64572,93102,84074,9028
330,2023-01-01,44158,40421,3737,71367,63360,8007,370469,305413,65056,93970,83585,10385
331,2023-01-02,45209,41070,4139,70083,62307,7776,380874,300472,80402,94700,82193,12507
332,2023-01-03,41450,37514,3936,64900,57992,6908,346083,279056,67027,87830,76498,11332
333,2023-01-04,52850,48255,4595,87218,77249,9969,446146,372581,73565,114614,101905,12709
334,2023-01-05,43155,38909,4246,67621,60498,7123,360734,291408,69326,89377,79808,9569
335,2023-01-06,50276,45954,4322,82439,73582,8857,421926,354988,66938,108868,97065,11803
336,2023-01-07,45864,41590,4274,73308,65660,7648,384114,316571,67543,97218,86617,10601
337,2023-01-08,50739,45959,4780,82480,73947,8533,425519,356172,69347,109039,97552,11487
338,2023-01-09,52535,47665,4870,84026,75101,8925,440763,362291,78472,111560,99073,12487
339,2023-01-10,42141,38399,3742,66136,58426,7710,353862,281740,72122,87579,77071,10508
340,2023-01-11,49335,44630,4705,77811,69378,8433,413996,333948,80048,104757,91518,13239
341,2023-01-12,56566,51491,5075,93629,84003,9626,478839,404897,73942,120916,110814,10102
342,2023-01-13,54115,48890,5225,87989,77660,10329,454682,374443,80239,117049,102450,14599
343,2023-01-14,48913,44350,4563,77750,69256,8494,409857,333451,76406,105555,91357,14198
344,2023-01-15,42020,38437,3583,66822,58523,8299,351950,281732,70218,88994,77202,11792
345,2023-01-16,46168,42124,4044,74383,66122,8261,386576,318262,68314,98904,87228,11676
346,2023-01-17,57170,51455,5715,92188,81539,10649,482383,393074,89309,124538,107565,16973
347,2023-01-18,39817,36520,3297,63624,56606,7018,332929,272813,60116,82420,74673,7747
348,2023-01-19,49253,44541,4712,78541,69187,9354,415619,333152,82467,104697,91272,13425
349,2023-01-20,40051,36632,3419,62481,55913,6568,335736,269640,66096,83002,73759,9243
350,2023-01-21,46338,42060,4278,72873,64044,8829,390633,308726,81907,97250,84483,12767
351,2023-01-22,45135,40683,4452,72543,63840,8703,378866,307570,71296,94825,84216,10609
352,2023-01-23,51740,46917,4823,82366,72663,9703,436280,350453,85827,112504,95854,16650
353,2023-01-24,45851,41843,4008,71727,64035,7692,384316,308571,75745,98888,84474,14414
354,2023-01-25,54754,49775,4979,90231,80153,10078,460707,386583,74124,118701,105738,12963
355,2023-01-26,49668,44862,4806,79606,71241,8365,416118,343608,72510,105618,93979,11639
356,2023-01-27,55170,50094,5076,88448,78335,10113,464379,377567,86812,118267,103335,14932
357,2023-01-28,53467,48373,5094,85045,76172,8873,450567,367170,83397,113515,100481,13034
358,2023-01-29,41668,37882,3786,65342,57195,8147,347291,275843,71448,86067,75446,10621
359,2023-01-30,49428,45013,4415,78739,69433,9306,414936,334327,80609,104628,91596,13032
360,2023-01-31,43359,39653,3706,68872,61135,7737,363512,294797,68715,92810,80648,12162
361,2023-02-01,43067,39370,3697,67549,60393,7156,360079,290731,69348,91798,79669,12129
362,2023-02-02,46127,41875,4252,71873,64023,7850,387173,308328,78845,97790,84454,13336
363,2023-02-03,53100,48280,4820,86603,76928,9675,446925,370493,76432,113916,101483,12433
364,2023-02-04,42354,38339,4015,64901,57728,7173,354883,278034,76849,89847,76150,13697
365,2023-02-05,50268,45886,4382,79917,70947,8970,422221,341766,80455,106903,93593,13310
366,2023-02-06,51196,46421,4775,81334,71969,9365,429918,346777,83141,110902,94938,15964
367,2023-02-07,48062,43329,4733,77373,69290,8083,403803,334183,69620,100726,91403,9323
368,2023-02-08,41517,37831,3686,63380,56155,7225,349097,270825,78272,88247,74077,14170
369,2023-02-09,40401,36792,3609,64112,57134,6978,339082,275419,63663,83124,75365,7759
370,2023-02-10,42969,39006,3963,67468,59931,7537,360722,288819,71903,89916,79056,10860
371,2023-02-11,48374,44158,4216,75995,68016,7979,405740,327845,77895,102948,89722,13226
372,2023-02-12,40159,36259,3900,61484,54025,7459,335037,259998,75039,83684,71264,12420
373,2023-02-13,46087,41539,4548,72491,64510,7981,386237,310574,75663,97197,85102,12095
374,2023-02-14,45139,41212,3927,70368,62997,7371,378128,303593,74535,95011,83106,11905
375,2023-02-15,46205,42216,3989,74015,66147,7868,386840,318391,68449,98410,87256,11154
376,2023-02-16,43204,39533,3671,67757,60461,7296,362572,291496,71076,91750,79759,11991
377,2023-02-17,48325,44042,4283,77506,69282,8224,406095,333560,72535,103503,91395,12108
378,2023-02-18,40509,36955,3554,64117,56129,7988,339676,270294,69382,84024,74043,9981
379,2023-02-19,49491,44566,4925,79199,70445,8754,414558,339206,75352,107331,92927,14404
380,2023-02-20,48014,43251,4763,75206,67188,8018,401770,323573,78197,101871,88631,13240
381,2023-02-21,46753,42576,4177,73096,65198,7898,393558,314505,79053,97950,86008,11942
382,2023-02-22,43840,39602,4238,69978,61704,8274,368624,297438,71186,91388,81400,9988
383,2023-02-23,43938,39996,3942,68012,60734,7278,368688,292449,76239,94164,80115,14049
384,2023-02-24,56139,50959,5180,91314,81064,10250,473003,390556,82447,119866,106936,12930
385,2023-02-25,51265,46613,4652,84187,74917,9270,431837,361328,70509,110162,98831,11331
386,2023-02-26,45339,40859,4480,72768,64936,7832,381538,312775,68763,95517,85663,9854
387,2023-02-27,40064,36116,3948,61790,54390,7400,335118,262133,72985,83444,71745,11699
388,2023-02-28,57007,51737,5270,94799,84035,10764,481567,405052,76515,123052,110854,12198
389,2023-03-01,49330,44499,4831,79792,70769,9023,416342,341212,75130,106719,93358,13361
390,2023-03-02,57443,52033,5410,94075,83856,10219,484838,403985,80853,125095,110623,14472
391,2023-03-03,41086,37638,3448,62988,56001,6987,342977,269830,73147,85835,73870,11965
392,2023-03-04,39836,36368,3468,62509,55753,6756,332769,268540,64229,84135,73547,10588
393,2023-03-05,44344,40187,4157,68526,60795,7731,371267,293249,78018,94174,80199,13975
394,2023-03-06,39969,36117,3852,61082,54530,6552,333934,262845,71089,83414,71933,11481
395,2023-03-07,52614,47490,5124,86398,77100,9298,442670,371261,71409,113500,101709,11791
396,2023-03-08,46766,42749,4017,74960,66202,8758,391117,319198,71919,99866,87331,12535
397,2023-03-09,39839,36401,3438,60371,53422,6949,332454,257093,75361,84745,70468,14277
398,2023-03-10,55314,49970,5344,89912,80195,9717,466950,386441,80509,119410,105790,13620
399,2023-03-11,46128,41772,4356,74719,65974,8745,387077,318036,69041,97649,87031,10618
400,2023-03-12,47696,43260,4436,75202,66473,8729,400079,320103,79976,101381,87688,13693
401,2023-03-13,55153,50034,5119,91156,80754,10402,466260,389488,76772,120725,106528,14197
402,2023-03-14,47451,42846,4605,75785,67427,8358,398928,325010,73918,101855,88949,12906
403,2023-03-15,51177,46188,4989,82493,73785,8708,430310,355651,74659,109507,97332,12175
404,2023-03-16,51035,46471,4564,82976,74129,8847,429988,357096,72892,108624,97787,10837
405,2023-03-17,50829,46366,4463,81027,71882,9145,428142,346394,81748,109955,94822,15133
406,2023-03-18,44623,40746,3877,71989,63757,8232,373409,306941,66468,93543,84105,9438
407,2023-03-19,56581,51017,5564,93881,83863,10018,475928,404126,71802,121653,110627,11026
408,2023-03-20,45424,41494,3930,70765,62375,8390,382917,300855,82062,96358,82282,14076
409,2023-03-21,48887,44245,4642,78020,69923,8097,411327,337114,74213,104576,92242,12334
410,2023-03-22,51290,46798,4492,83823,74953,8870,432026,361019,71007,108896,98879,10017
411,2023-03-23,45826,41826,4000,73706,65396,8310,386379,314985,71394,96286,86268,10018
412,2023-03-24,57432,52275,5157,94364,83895,10469,484686,404269,80417,122904,110670,12234
413,2023-03-25,46485,42058,4427,75257,67402,7855,389048,325141,63907,97686,88913,8773
414,2023-03-26,47912,43697,4215,76573,67826,8747,401851,326584,75267,102369,89470,12899
415,2023-03-27,45508,41389,4119,72388,63867,8521,381119,308079,73040,97170,84253,12917
416,2023-03-28,40606,36766,3840,63911,57087,6824,338075,275030,63045,83918,75303,8615
417,2023-03-29,47904,43353,4551,77583,68933,8650,401240,331839,69401,102306,90936,11370
418,2023-03-30,47521,43061,4460,74431,65561,8870,397571,315519,82052,101501,86482,15019
419,2023-03-31,44724,40739,3985,71408,63766,7642,375244,307136,68108,94858,84117,10741
420,2023-04-01,50448,45685,4763,79622,70759,8863,426086,340650,85436,108993,93346,15647
421,2023-04-02,41372,37860,3512,63137,55488,7649,345470,266932,78538,85508,73196,12312
422,2023-04-03,45653,41231,4422,71882,63630,8252,381591,306316,75275,98216,83935,14281
423,2023-04-04,54166,49178,4988,86297,76931,9366,454891,371091,83800,117878,101485,16393
424,2023-04-05,55102,49788,5314,90199,80920,9279,466279,390356,75923,117839,106748,11091
425,2023-04-06,46416,42367,4049,72663,64604,8059,389133,311160,77973,97478,85221,12257
426,2023-04-07,57508,52405,5103,95358,84924,10434,484767,409682,75085,123035,112029,11006
427,2023-04-08,45850,41917,3933,73414,64955,8459,386274,313114,73160,96222,85688,10534
428,2023-04-09,42766,38993,3773,66956,59215,7741,357039,285534,71505,90501,78113,12388
429,2023-04-10,49446,44684,4762,78279,69895,8384,416721,336602,80119,107253,92202,15051
430,2023-04-11,50956,45930,5026,80846,72480,8366,428247,349426,78821,108347,95612,12735
431,2023-04-12,41280,37566,3714,63494,56070,7424,346268,269693,76575,85683,73967,11716
432,2023-04-13,50501,46042,4459,81987,73151,8836,425494,352425,73069,107974,96495,11479
433,2023-04-14,40826,36907,3919,65364,58370,6994,342178,280982,61196,86666,76996,9670
434,2023-04-15,42289,38085,4204,66926,58948,7978,355290,283657,71633,90366,77758,12608
435,2023-04-16,47751,43224,4527,76983,68530,8453,401476,330445,71031,103409,90405,13004
436,2023-04-17,53523,48265,5258,87983,77570,10413,450210,373645,76565,114631,102326,12305
437,2023-04-18,53937,49214,4723,89044,78759,10285,453568,379859,73709,117132,103898,13234
438,2023-04-19,56684,51672,5012,91761,81310,10451,476716,391753,84963,122021,107265,14756
439,2023-04-20,46815,42292,4523,73036,64451,8585,391980,310621,81359,97789,85020,12769
440,2023-04-21,48081,43405,4676,75849,67360,8489,403097,324214,78883,102213,88856,13357
441,2023-04-22,50315,45623,4692,82446,73177,9269,423645,352880,70765,108609,96530,12079
442,2023-04-23,47091,42645,4446,73844,65520,8324,394044,315545,78499,99536,86428,13108
443,2023-04-24,51966,46786,5180,82924,73845,9079,436583,356187,80396,109913,97415,12498
444,2023-04-25,50275,45588,4687,80306,72003,8303,423763,347272,76491,106033,94987,11046
445,2023-04-26,57374,51972,5402,94139,84272,9867,484605,406365,78240,122878,111170,11708
446,2023-04-27,54308,49550,4758,86632,77073,9559,458963,371311,87652,115353,101673,13680
447,2023-04-28,57024,51779,5245,93037,82937,10100,482080,399838,82242,122905,109412,13493
448,2023-04-29,51089,46109,4980,83038,73236,9802,429358,352830,76528,108823,96611,12212
449,2023-04-30,54152,48779,5373,87483,78210,9273,455809,377205,78604,115947,103172,12775
450,2023-05-01,43473,39670,3803,69632,61814,7818,364014,297562,66452,91007,81540,9467
451,2023-05-02,45473,41411,4062,71736,63803,7933,380042,307392,72650,95864,84169,11695
452,2023-05-03,48423,44243,4180,76199,67409,8790,407002,325023,81979,103988,88924,15064
453,2023-05-04,48285,44103,4182,77433,68341,9092,407228,329110,78118,102676,90151,12525
454,2023-05-05,57287,51607,5680,92087,81322,10765,485080,391638,93442,125743,107275,18468
455,2023-05-06,56775,51603,5172,92612,82316,10296,478754,396595,82159,124573,108590,15983
456,2023-05-07,45634,41292,4342,73797,64838,8959,383553,312335,71218,97870,85534,12336
457,2023-05-08,48334,43647,4687,77741,68650,9091,406193,330689,75504,103308,90562,12746
458,2023-05-09,52311,47264,5047,86414,76840,9574,439518,370351,69167,111434,101364,10070
459,2023-05-10,53388,48555,4833,86275,77028,9247,451387,371580,79807,114436,101612,12824
460,2023-05-11,42689,38716,3973,66219,58662,7557,358980,282490,76490,88953,77387,11566
461,2023-05-12,48688,43948,4740,77447,68330,9117,409114,329271,79843,105308,90136,15172
462,2023-05-13,57268,51605,5663,92132,82454,9678,484325,397426,86899,122731,108770,13961
463,2023-05-14,44936,41058,3878,69724,61195,8529,377722,294731,82991,93884,80725,13159
464,2023-05-15,50988,46069,4919,82578,73727,8851,428527,355316,73211,110718,97259,13459
465,2023-05-16,46182,42108,4074,72209,63868,8341,388797,307808,80989,98824,84250,14574
466,2023-05-17,51372,46666,4706,81326,71884,9442,434066,346745,87321,110278,94830,15448
467,2023-05-18,52936,47820,5116,85328,76365,8963,444756,367997,76759,113292,100741,12551
468,2023-05-19,47410,43051,4359,75879,67008,8871,397937,322505,75432,101339,88396,12943
469,2023-05-20,41032,37306,3726,65282,58093,7189,343280,280121,63159,87064,76634,10430
470,2023-05-21,41141,37562,3579,64974,57013,7961,344573,274773,69800,85581,75207,10374
471,2023-05-22,48144,43644,4500,78483,69480,9003,405728,334684,71044,101833,91657,10176
472,2023-05-23,55631,50745,4886,89878,80040,9838,468787,385694,83093,119606,105587,14019
473,2023-05-24,47479,42763,4716,77189,68792,8397,400651,331612,69039,100910,90745,10165
474,2023-05-25,55081,49936,5145,88355,77953,10402,462830,375413,87417,119595,102832,16763
475,2023-05-26,41688,38035,3653,64181,57455,6726,349476,276920,72556,86040,75792,10248
476,2023-05-27,49657,45096,4561,79280,70691,8589,418298,340640,77658,104449,93253,11196
477,2023-05-28,41436,37818,3618,64084,56812,7272,347118,273292,73826,87300,74944,12356
478,2023-05-29,43594,39613,3981,69186,60700,8486,363860,292282,71578,91153,80075,11078
479,2023-05-30,51920,47267,4653,83507,74163,9344,437206,357615,79591,112263,97836,14427
480,2023-05-31,49420,44800,4620,77852,69209,8643,416881,333809,83072,106550,91295,15255
481,2023-06-01,45685,41564,4121,72033,64139,7894,383312,308665,74647,98178,84612,13566
482,2023-06-02,53351,48178,5173,85467,76519,8948,448955,368814,80141,114086,100944,13142
483,2023-06-03,44057,40352,3705,68820,60344,8476,370675,290571,80104,93672,79600,14072
484,2023-06-04,44545,40626,3919,71859,63316,8543,374197,304705,69492,94389,83521,10868
485,2023-06-05,41922,37738,4184,65177,58143,7034,352455,279845,72610,89113,76700,12413
486,2023-06-06,51868,47035,4833,83744,75001,8743,437796,361587,76209,112744,98940,13804
487,2023-06-07,39953,36271,3682,62467,55951,6516,333178,269806,63372,84666,73806,10860
488,2023-06-08,52806,47993,4813,85074,75108,9966,444868,361689,83179,113798,99080,14718
489,2023-06-09,46855,42286,4569,73623,65197,8426,392519,314412,78107,99102,86002,13100
490,2023-06-10,57380,51705,5675,93096,83509,9587,483268,402449,80819,124779,110162,14617
491,2023-06-11,47234,42603,4631,76409,68475,7934,395494,329874,65620,100320,90330,9990
492,2023-06-12,52072,47437,4635,83530,73562,9968,440116,354788,85328,112510,97038,15472
493,2023-06-13,43373,39558,3815,68800,61371,7429,363216,295941,67275,90563,80961,9602
494,2023-06-14,56527,51357,5170,92393,81865,10528,477015,394321,82694,123469,107991,15478
495,2023-06-15,41575,37875,3700,65939,58304,7635,346294,280920,65374,87027,76909,10118
496,2023-06-16,53356,48230,5126,86389,76908,9481,450393,370991,79402,114251,101457,12794
497,2023-06-17,45308,40838,4470,73650,65766,7884,379882,316941,62941,94941,86759,8182
498,2023-06-18,52632,47548,5084,84862,75214,9648,443494,362589,80905,111848,99217,12631
499,2023-06-19,53098,48229,4869,85056,76161,8895,448088,367369,80719,115559,100469,15090
500,2023-06-20,41076,37665,3411,65256,57658,7598,343596,277889,65707,87400,76056,11344
501,2023-06-21,40627,36723,3904,64271,57082,7189,339356,274977,64379,83930,75301,8629
502,2023-06-22,56420,51253,5167,92186,81603,10583,474566,393149,81417,122759,107649,15110
503,2023-06-23,48036,43886,4150,77091,68818,8273,404010,331847,72163,103726,90780,12946
504,2023-06-24,46932,42938,3994,73762,64790,8972,394950,312306,82644,99306,85471,13835
505,2023-06-25,55879,50591,5288,91590,81596,9994,470942,392964,77978,119993,107642,12351
506,2023-06-26,56710,51289,5421,93306,83010,10296,477964,400165,77799,122550,109502,13048
507,2023-06-27,44287,40490,3797,71795,64311,7484,370295,310161,60134,94440,84838,9602
508,2023-06-28,50701,45885,4816,82523,73320,9203,425477,353439,72038,106845,96724,10121
509,2023-06-29,56224,50938,5286,91674,81080,10594,475916,390762,85154,122052,106958,15094
510,2023-06-30,47910,43828,4082,76269,67075,9194,401615,323479,78136,101933,88482,13451
511,2023-07-01,56515,51569,4946,90941,81237,9704,476309,391322,84987,122928,107165,15763
512,2023-07-02,50828,46036,4792,82820,73029,9791,427541,352097,75444,108819,96334,12485
513,2023-07-03,45487,41291,4196,73055,64562,8493,380619,311165,69454,95982,85169,10813
514,2023-07-04,42118,38364,3754,65432,57851,7581,352739,278578,74161,87813,76311,11502
515,2023-07-05,50026,45317,4709,78839,70638,8201,422130,340549,81581,105561,93180,12381
516,2023-07-06,43195,39475,3720,66768,59226,7542,363475,285046,78429,89451,78130,11321
517,2023-07-07,51862,46818,5044,84491,75443,9048,435413,363667,71746,110836,99522,11314
518,2023-07-08,57176,52117,5059,92175,81818,10357,482780,394430,88350,124973,107931,17042
519,2023-07-09,48640,44254,4386,76588,68621,7967,409115,330369,78746,102724,90522,12202
520,2023-07-10,48955,44587,4368,77614,69478,8136,412678,334607,78071,105806,91653,14153
521,2023-07-11,56532,51345,5187,90840,80284,10556,475776,387307,88469,121116,105908,15208
522,2023-07-12,52490,47635,4855,85431,76297,9134,443651,367812,75839,111981,100649,11332
523,2023-07-13,48548,44027,4521,76219,67046,9173,406795,323119,83676,102848,88446,14402
524,2023-07-14,46860,42448,4412,74010,65737,8273,393608,316517,77091,99162,86719,12443
525,2023-07-15,57197,51728,5469,94007,84220,9787,482120,405862,76258,123230,111102,12128
526,2023-07-16,53656,48619,5037,87464,77604,9860,451562,373941,77621,117068,102373,14695
527,2023-07-17,42117,38564,3553,66803,59301,7502,351030,285998,65032,86804,78227,8577
528,2023-07-18,54868,50057,4811,90125,80833,9292,464196,389581,74615,117414,106633,10781
529,2023-07-19,51231,46760,4471,82587,74018,8569,430403,357020,73383,109424,97645,11779
530,2023-07-20,48239,43943,4296,78095,69822,8273,404064,336331,67733,103127,92105,11022
531,2023-07-21,42202,38216,3986,66051,57997,8054,354468,279333,75135,89799,76506,13293
532,2023-07-22,50436,45831,4605,82296,73267,9029,425856,352814,73042,106746,96652,10094
533,2023-07-23,50588,45890,4698,80570,71026,9544,424650,342559,82091,108667,93694,14973
534,2023-07-24,51630,46748,4882,82643,73065,9578,435852,352185,83667,110331,96387,13944
535,2023-07-25,43900,39867,4033,68720,61011,7709,368194,294248,73946,91111,80485,10626
536,2023-07-26,39971,36566,3405,63042,56101,6941,335043,270339,64704,81842,74007,7835
537,2023-07-27,54492,49268,5224,88327,78294,10033,459525,377228,82297,116982,103286,13696
538,2023-07-28,49516,44656,4860,78348,70096,8252,415786,337989,77797,104662,92465,12197
539,2023-07-29,48047,43888,4159,77612,68427,9185,405147,329676,75471,104115,90269,13846
540,2023-07-30,45218,41331,3887,73409,65495,7914,380604,315326,65278,94308,86398,7910
541,2023-07-31,50990,46319,4671,82751,74219,8532,428534,357378,71156,109454,97904,11550
542,2023-08-01,41048,37307,3741,63847,55926,7921,343497,269250,74247,86119,73777,12342
543,2023-08-02,46520,42244,4276,74461,66325,8136,392340,319705,72635,99893,87491,12402
544,2023-08-03,52811,47697,5114,86961,77776,9185,444582,375218,69364,113096,102599,10497
545,2023-08-04,46755,42376,4379,74229,65618,8611,393176,316275,76901,99667,86561,13106
546,2023-08-05,54800,49726,5074,88543,79125,9418,460718,381613,79105,117201,104378,12823
547,2023-08-06,40590,36556,4034,64945,58146,6799,340549,280417,60132,84230,76703,7527
548,2023-08-07,44109,40316,3793,68115,60499,7616,368117,291739,76378,92830,79810,13020
549,2023-08-08,42355,38674,3681,67886,59677,8209,353820,287678,66142,90749,78725,12024
550,2023-08-09,55739,50473,5266,90522,81016,9506,470738,390746,79992,120632,106874,13758
551,2023-08-10,41147,37613,3534,65706,58845,6861,343738,283277,60461,86242,77625,8617
552,2023-08-11,45414,41555,3859,73128,65385,7743,379974,315192,64782,96003,86255,9748
553,2023-08-12,48327,44171,4156,77554,69164,8390,406971,333196,73775,103063,91241,11822
554,2023-08-13,51285,46378,4907,84357,74541,9816,432683,359535,73148,108650,98332,10318
555,2023-08-14,41069,37594,3475,64765,57329,7436,343082,276242,66840,84649,75622,9027
556,2023-08-15,50150,45179,4971,81957,73485,8472,420278,354460,65818,106700,96938,9762
557,2023-08-16,45763,41513,4250,74062,65059,9003,385641,313500,72141,97297,85820,11477
558,2023-08-17,48479,44332,4147,78544,70230,8314,406346,338507,67839,102260,92646,9614
559,2023-08-18,52211,46993,5218,84518,75806,8712,441124,365233,75891,113409,99998,13411
560,2023-08-19,56215,50626,5589,92476,82500,9976,472916,397351,75565,120761,108835,11926
561,2023-08-20,54243,49446,4797,88251,79005,9246,458680,380657,78023,115526,104221,11305
562,2023-08-21,54960,49881,5079,87953,77935,10018,464275,375755,88520,120315,102810,17505
563,2023-08-22,50397,45438,4959,82013,72240,9773,425579,348133,77446,107669,95299,12370
564,2023-08-23,44721,40571,4150,71718,63385,8333,375113,305427,69686,94465,83614,10851
565,2023-08-24,54992,50195,4797,87927,78364,9563,462131,377519,84612,120242,103375,16867
566,2023-08-25,46523,42045,4478,74542,66395,8147,391067,320284,70783,97899,87589,10310
567,2023-08-26,55086,50147,4939,90405,79782,10623,463779,384545,79234,118264,105248,13016
568,2023-08-27,56460,51410,5050,93055,82578,10477,477331,398191,79140,120665,108934,11731
569,2023-08-28,40562,36653,3909,62480,55017,7463,340980,264816,76164,84474,72573,11901
570,2023-08-29,57484,51972,5512,95544,84617,10927,484302,408207,76095,124779,111622,13157
571,2023-08-30,48320,43555,4765,75688,66825,8863,406877,322062,84815,101487,88150,13337
572,2023-08-31,41511,37611,3900,66724,58595,8129,348183,281905,66278,88663,77297,11366
573,2023-09-01,41314,37680,3634,63010,55210,7800,347502,265858,81644,87665,72831,14834
574,2023-09-02,43984,39848,4136,68970,61090,7880,369986,294122,75864,94448,80584,13864
575,2023-09-03,41848,37993,3855,64530,57503,7027,350125,277211,72914,88924,75852,13072
576,2023-09-04,46689,42632,4057,75191,67390,7801,390883,324565,66318,100838,88897,11941
577,2023-09-05,54803,49466,5337,89360,80098,9262,463330,386227,77103,116491,105666,10825
578,2023-09-06,51149,46534,4615,83816,74586,9230,430662,359318,71344,110608,98395,12213
579,2023-09-07,43596,39254,4342,68527,61237,7290,363953,294644,69309,91627,80781,10846
580,2023-09-08,51922,46976,4946,83707,74590,9117,436834,359274,77560,110347,98396,11951
581,2023-09-09,40045,36312,3733,61891,54597,7294,334540,262931,71609,84735,72020,12715
582,2023-09-10,40919,37327,3592,63976,55960,8016,343803,269623,74180,84753,73816,10937
583,2023-09-11,47783,43490,4293,77347,69301,8046,401469,333696,67773,100760,91420,9340
584,2023-09-12,54500,49703,4797,87345,78273,9072,460160,376945,83215,115900,103259,12641
585,2023-09-13,57094,51699,5395,92763,81885,10878,480449,394742,85707,124992,108022,16970
586,2023-09-14,41549,37737,3812,64893,57548,7345,348559,276869,71690,88459,75916,12543
587,2023-09-15,43761,39693,4068,69277,61864,7413,366727,297759,68968,90717,81611,9106
588,2023-09-16,51255,46278,4977,83735,74013,9722,429869,356608,73261,111233,97636,13597
589,2023-09-17,45298,41091,4207,73584,65937,7647,380918,317793,63125,95491,86980,8511
590,2023-09-18,44283,40483,3800,69370,61866,7504,373079,298353,74726,94924,81611,13313
591,2023-09-19,42604,38460,4144,66875,58570,8305,358594,281970,76624,88856,77264,11592
592,2023-09-20,47626,43115,4511,77029,68399,8630,400214,329379,70835,99694,90231,9463
593,2023-09-21,40663,36786,3877,62328,55792,6536,341372,268742,72630,85680,73596,12084
594,2023-09-22,46320,42085,4235,75249,66219,9030,390520,319054,71466,98865,87352,11513
595,2023-09-23,49985,45614,4371,81205,72101,9104,421741,347416,74325,106757,95114,11643
596,2023-09-24,49695,45405,4290,78655,70486,8169,418444,339961,78483,107110,92981,14129
597,2023-09-25,57572,52363,5209,93857,83303,10554,484615,401460,83155,125653,109888,15765
598,2023-09-26,55361,50197,5164,89133,79168,9965,466268,381817,84451,118726,104433,14293
599,2023-09-27,40892,37441,3451,62553,55226,7327,342950,266046,76904,84601,72852,11749
600,2023-09-28,50415,45760,4655,82762,73238,9524,425676,352756,72920,108792,96615,12177
601,2023-09-29,50575,45577,4998,81166,72151,9015,424866,347953,76913,108550,95182,13368
602,2023-09-30,55188,49899,5289,89599,79960,9639,464978,385574,79404,119189,105484,13705
603,2023-10-01,46846,42734,4112,74259,65907,8352,391828,317264,74564,99194,86942,12252
604,2023-10-02,44897,40724,4173,71454,62795,8659,377873,302700,75173,94840,82833,12007
605,2023-10-03,46507,42422,4085,72797,64375,8422,388775,309948,78827,97211,84921,12290
606,2023-10-04,53198,48343,4855,87212,77730,9482,448278,374968,73310,114958,102536,12422
607,2023-10-05,57438,52093,5345,93257,83283,9974,483765,401440,82325,122846,109867,12979
608,2023-10-06,47373,42894,4479,75456,66793,8663,396392,321806,74586,101606,88112,13494
609,2023-10-07,49226,44594,4632,80801,72146,8655,413496,347608,65888,103390,95173,8217
610,2023-10-08,47044,42896,4148,74080,65873,8207,395980,317035,78945,99337,86898,12439
611,2023-10-09,51719,46616,5103,84235,74319,9916,436844,357932,78912,112083,98037,14046
612,2023-10-10,54611,49235,5376,90207,80447,9760,459662,387543,72119,117781,106127,11654
613,2023-10-11,51300,46446,4854,82457,72645,9812,433046,350336,82710,109266,95834,13432
614,2023-10-12,55473,50147,5326,91681,80944,10737,469146,390130,79016,120503,106780,13723
615,2023-10-13,40392,36517,3875,62633,55581,7052,337159,267952,69207,85271,73320,11951
616,2023-10-14,53395,48333,5062,86521,77611,8910,449311,373718,75593,116608,102382,14226
617,2023-10-15,44411,39994,4417,70899,62307,8592,373191,299944,73247,95184,82195,12989
618,2023-10-16,41491,37578,3913,63728,55896,7832,347140,268942,78198,87042,73732,13310
619,2023-10-17,54934,50123,4811,90503,80568,9935,463833,388212,75621,118067,106286,11781
620,2023-10-18,55275,50032,5243,90023,79919,10104,466494,385480,81014,120836,105426,15410
621,2023-10-19,51734,47075,4659,82564,73045,9519,436008,352275,83733,110138,96361,13777
622,2023-10-20,49079,44253,4826,78671,70462,8209,412690,339266,73424,105644,92948,12696
623,2023-10-21,47289,43102,4187,75806,66824,8982,398399,322055,76344,100394,88154,12240
624,2023-10-22,56932,51940,4992,93177,82724,10453,481497,399119,82378,123338,109125,14213
625,2023-10-23,45528,41423,4105,70761,62537,8224,381084,301547,79537,97466,82498,14968
626,2023-10-24,54932,49812,5120,89820,80512,9308,464638,387925,76713,119734,106207,13527
627,2023-10-25,40891,36977,3914,65166,57340,7826,341859,275925,65934,83991,75643,8348
628,2023-10-26,40947,37321,3626,63844,56640,7204,343720,272903,70817,87235,74716,12519
629,2023-10-27,47220,42862,4358,76893,68723,8170,398213,331516,66697,102117,90659,11458
630,2023-10-28,47132,42593,4539,76339,68161,8178,395452,328752,66700,99682,89918,9764
631,2023-10-29,45787,41811,3976,72123,63860,8263,385609,307629,77980,97274,84243,13031
632,2023-10-30,50267,45356,4911,79654,70749,8905,423231,341136,82095,108315,93328,14987
633,2023-10-31,56770,51561,5209,92788,81938,10850,478443,395118,83325,121376,108092,13284
634,2023-11-01,44737,40920,3817,71652,64117,7535,374458,308574,65884,94108,84577,9531
635,2023-11-02,51150,46636,4514,80945,71363,9582,429465,344158,85307,110913,94140,16773
636,2023-11-03,41063,37061,4002,63719,56461,7258,343171,271767,71404,84748,74478,10270
637,2023-11-04,51650,46797,4853,84461,75463,8998,435724,363429,72295,112056,99549,12507
638,2023-11-05,51215,46566,4649,82902,73854,9048,429711,356224,73487,108078,97427,10651
639,2023-11-06,51154,46706,4448,82608,73774,8834,430444,355270,75174,111223,97320,13903
640,2023-11-07,55696,50387,5309,91955,81971,9984,468197,395300,72897,120531,108131,12400
641,2023-11-08,55414,50233,5181,91033,81487,9546,467238,392586,74652,117927,107495,10432
642,2023-11-09,47690,42994,4696,75940,67954,7986,400374,327333,73041,101108,89643,11465
643,2023-11-10,53430,48490,4940,86042,75838,10204,450981,365749,85232,116334,100041,16293
644,2023-11-11,49695,45431,4264,79173,70748,8425,418946,341139,77807,106428,93325,13103
645,2023-11-12,46578,42599,3979,73418,65415,8003,392749,315078,77671,97658,86292,11366
646,2023-11-13,53557,48665,4892,88291,78383,9908,449589,378116,71473,114087,103402,10685
647,2023-11-14,43430,39120,4310,66990,59873,7117,363125,288420,74705,92897,78980,13917
648,2023-11-15,49924,45554,4370,78768,69281,9487,420007,333498,86509,108280,91390,16890
649,2023-11-16,49420,44715,4705,80435,70871,9564,416946,341853,75093,105106,93490,11616
650,2023-11-17,39942,36198,3744,63869,56485,7384,335341,272097,63244,83229,74512,8717
651,2023-11-18,55948,51028,4920,90478,80161,10317,470845,386490,84355,121038,105748,15290
652,2023-11-19,57366,52318,5048,94932,85078,9854,485683,410137,75546,123607,112230,11377
653,2023-11-20,56913,51752,5161,93274,83243,10031,480692,401036,79656,123484,109815,13669
654,2023-11-21,44906,40594,4312,70410,62691,7719,375341,302085,73256,96301,82699,13602
655,2023-11-22,40224,36858,3366,63378,56207,7171,334936,270443,64493,85190,74143,11047
656,2023-11-23,50302,45271,5031,82475,72772,9703,422755,350426,72329,106401,95996,10405
657,2023-11-24,56305,51359,4946,92218,81836,10382,473511,394764,78747,122303,107957,14346
658,2023-11-25,52031,47519,4512,85896,76906,8990,439256,370653,68603,110193,101453,8740
659,2023-11-26,40189,36593,3596,61258,54663,6595,336837,263288,73549,85297,72105,13192
660,2023-11-27,52980,47987,4993,86492,77004,9488,446876,371461,75415,113075,101583,11492
661,2023-11-28,40421,37000,3421,62342,55218,7124,338467,265685,72782,84760,72839,11921
662,2023-11-29,46811,42826,3985,76338,67118,9220,392957,323057,69900,101162,88541,12621
663,2023-11-30,41688,37913,3775,64575,56581,7994,349131,272522,76609,88896,74637,14259
664,2023-12-01,51733,46858,4875,82178,73383,8795,437290,353653,83637,111585,96807,14778
665,2023-12-02,49516,44997,4519,80368,71249,9119,417971,342995,74976,105139,93992,11147
666,2023-12-03,50973,46123,4850,80546,72112,8434,428227,347152,81075,110798,95128,15670
667,2023-12-04,44803,40627,4176,70601,62191,8410,377057,299545,77512,96508,82041,14467
668,2023-12-05,53158,47934,5224,86272,76787,9485,446925,369860,77065,114208,101298,12910
669,2023-12-06,43718,39720,3998,68349,61050,7299,366686,293820,72866,92229,80531,11698
670,2023-12-07,49866,45408,4458,81825,73142,8683,420744,352620,68124,105056,96488,8568
671,2023-12-08,56673,51444,5229,94291,83558,10733,479241,402494,76747,121629,110227,11402
672,2023-12-09,49934,44990,4944,79949,71246,8703,419048,343235,75813,106134,93985,12149
673,2023-12-10,42246,38540,3706,66304,58877,7427,355531,283903,71628,90472,77669,12803
674,2023-12-11,46290,42051,4239,74113,66403,7710,388426,319900,68526,99149,87595,11554
675,2023-12-12,57401,51876,5525,95636,85020,10616,485955,409566,76389,123504,112154,11350
676,2023-12-13,42853,38774,4079,67707,60403,7304,357660,290726,66934,89345,79680,9665
677,2023-12-14,56284,50661,5623,90712,81347,9365,474256,392199,82057,120376,107312,13064
678,2023-12-15,50452,46085,4367,81958,72310,9648,423690,348323,75367,107322,95392,11930
679,2023-12-16,56727,51299,5428,92731,82854,9877,477300,399129,78171,124442,109298,15144
680,2023-12-17,45615,41559,4056,71942,63785,8157,384100,307066,77034,97876,84142,13734
681,2023-12-18,43392,39183,4209,69533,62322,7211,362276,300538,61738,91083,82213,8870
682,2023-12-19,40469,37111,3358,62356,55765,6591,337554,268940,68614,83153,73561,9592
683,2023-12-20,48559,43747,4812,76404,68182,8222,408091,328434,79657,104200,89946,14254
684,2023-12-21,54691,49891,4800,90611,81247,9364,462640,391721,70919,117024,107178,9846
685,2023-12-22,41745,37863,3882,67026,58865,8161,349706,283432,66274,88636,77654,10982
686,2023-12-23,39905,35917,3988,60474,53253,7221,332383,256669,75714,82261,70250,12011
687,2023-12-24,48542,43834,4708,79557,70393,9164,409573,339196,70377,102033,92860,9173
688,2023-12-25,57000,51762,5238,92376,81771,10605,481423,394533,86890,122399,107868,14531
689,2023-12-26,48672,43867,4805,76675,68253,8422,408500,329056,79444,102562,90039,12523
690,2023-12-27,53179,47937,5242,86807,77477,9330,449134,373687,75447,115714,102205,13509
691,2023-12-28,47934,43611,4323,77053,68136,8917,402380,328176,74204,100572,89879,10693
692,2023-12-29,41728,37955,3773,65029,57823,7206,351031,278453,72578,88330,76276,12054
693,2023-12-30,44536,40623,3913,71806,64324,7482,373755,310087,63668,93619,84856,8763
694,2023-12-31,44635,40729,3906,70011,61486,8525,375088,296392,78696,95200,81106,14094
695,2024-01-01,54462,49091,5371,88180,77976,10204,458799,376028,82771,116651,102863,13788
696,2024-01-02,48815,44067,4748,79903,70369,9534,409015,339125,69890,104634,92827,11807
697,2024-01-03,51729,46931,4798,83275,74656,8619,436235,359723,76512,111193,98485,12708
698,2024-01-04,45092,40590,4502,73075,64439,8636,379477,310532,68945,94268,85008,9260
699,2024-01-05,45294,41350,3944,70938,63122,7816,379308,304418,74890,96857,83266,13591
700,2024-01-06,51623,47063,4560,84580,75087,9493,433120,361552,71568,112128,99054,13074
701,2024-01-07,42258,38237,4021,65409,58451,6958,355530,281200,74330,89580,77105,12475
702,2024-01-08,46820,42426,4394,73243,64852,8391,394785,312702,82083,100940,85552,15388
703,2024-01-09,46268,42249,4019,74759,66263,8496,389822,319406,70416,98141,87414,10727
704,2024-01-10,52167,47329,4838,83418,74096,9322,440360,357092,83268,113090,97742,15348
705,2024-01-11,48216,43646,4570,78654,69389,9265,406630,334487,72143,103301,91532,11769
706,2024-01-12,45401,41375,4026,72925,64271,8654,380010,309715,70295,96343,84781,11562
707,2024-01-13,48271,43626,4645,76504,67471,9033,404114,325466,78648,102891,89004,13887
708,2024-01-14,40155,36828,3327,63833,56189,7644,336659,270371,66288,83950,74120,9830
709,2024-01-15,50963,46034,4929,83244,73622,9622,428438,354894,73544,110859,97123,13736
710,2024-01-16,51816,46787,5029,82807,72962,9845,435786,351549,84237,112211,96252,15959
711,2024-01-17,43689,39507,4182,68522,60246,8276,365400,290078,75322,93498,79472,14026
712,2024-01-18,46921,42266,4655,75016,66294,8722,393266,319689,73577,101001,87453,13548
713,2024-01-19,42046,38297,3749,64676,57488,7188,352325,277218,75107,89406,75836,13570
714,2024-01-20,42330,38353,3977,67893,59877,8016,354696,288382,66314,89350,78986,10364
715,2024-01-21,51689,47049,4640,83820,75015,8805,435768,361531,74237,111588,98957,12631
716,2024-01-22,57339,51968,5371,92871,83306,9565,484813,401704,83109,123597,109892,13705
717,2024-01-23,40246,36224,4022,61763,54393,7370,335810,261630,74180,82831,71751,11080
718,2024-01-24,56229,50810,5419,92190,82362,9828,474992,397383,77609,120652,108647,12005
719,2024-01-25,47647,43106,4541,76357,67637,8720,400845,325847,74998,101181,89222,11959
720,2024-01-26,43858,39616,4242,70591,62296,8295,366867,300135,66732,91412,82175,9237
721,2024-01-27,50029,45425,4604,79551,71008,8543,419628,342394,77234,105611,93668,11943
722,2024-01-28,54286,49207,5079,88637,78543,10094,458625,378508,80117,117134,103614,13520
723,2024-01-29,52298,47339,4959,84320,74754,9566,439530,360541,78989,111368,98613,12755
724,2024-01-30,50464,46122,4342,82264,73303,8961,423418,353257,70161,106364,96699,9665
725,2024-01-31,54732,49415,5317,90467,80945,9522,461157,390153,71004,119278,106784,12494
726,2024-02-01,50464,45936,4528,80925,71886,9039,423573,346134,77439,109000,94827,14173
727,2024-02-02,56505,51001,5504,90797,81297,9500,475054,391877,83177,122025,107245,14780
728,2024-02-03,45419,40883,4536,70857,62178,8679,379699,299806,79893,97417,82023,15394
729,2024-02-04,52852,47961,4891,87282,76969,10313,446633,370950,75683,112318,101532,10786
730,2024-02-05,42440,38835,3605,66102,58131,7971,355710,280130,75580,87984,76686,11298
731,2024-02-06,48452,44278,4174,78719,69902,8817,408498,337156,71342,103658,92211,11447
732,2024-02-07,41648,37687,3961,65073,57531,7542,347870,277433,70437,88101,75892,12209
733,2024-02-08,44806,40926,3880,71190,63237,7953,376770,304480,72290,94530,83421,11109
734,2024-02-09,49077,44516,4561,79153,69831,9322,414366,336561,77805,103239,92118,11121
735,2024-02-10,54517,49216,5301,90147,80258,9889,458873,387071,71802,116531,105871,10660
736,2024-02-11,55541,50183,5358,91386,80999,10387,466878,390281,76597,119809,106853,12956
737,2024-02-12,47440,43355,4085,74960,67037,7923,397949,323118,74831,102571,88435,14136
738,2024-02-13,47996,43529,4467,75978,66773,9205,403453,321651,81802,103725,88087,15638
739,2024-02-14,40671,36727,3944,64247,57133,7114,339576,275458,64118,86038,75364,10674
740,2024-02-15,48614,43854,4760,77328,69160,8168,408239,333070,75169,102988,91230,11758
741,2024-02-16,52939,48102,4837,86724,76956,9768,444334,371003,73331,113441,101520,11921
742,2024-02-17,53992,48935,5057,87707,77947,9760,455494,375977,79517,114661,102827,11834
743,2024-02-18,47091,42842,4249,76663,67528,9135,394072,325683,68389,99548,89077,10471
744,2024-02-19,45024,40880,4144,70767,63404,7363,377646,305560,72086,93892,83641,10251
745,2024-02-20,47339,42922,4417,77097,68810,8287,397099,331897,65202,101186,90771,10415
746,2024-02-21,45756,41208,4548,72867,64536,8331,382699,310731,71968,95257,85135,10122
747,2024-02-22,41531,37976,3555,64978,57780,7198,347866,278650,69216,88515,76219,12296
748,2024-02-23,54685,49216,5469,89294,78924,10370,462089,380332,81757,119101,104111,14990
749,2024-02-24,45548,41266,4282,73157,64960,8197,382643,312614,70029,96948,85695,11253
750,2024-02-25,54445,49410,5035,89929,79465,10464,458254,383253,75001,118713,104829,13884
751,2024-02-26,51085,46357,4728,84163,74429,9734,431197,358633,72564,109408,98186,11222
752,2024-02-27,46012,42061,3951,74809,66057,8752,386879,318260,68619,97645,87139,10506
753,2024-02-28,47654,43479,4175,77453,69227,8226,402040,333823,68217,101888,91320,10568
754,2024-02-29,54107,49079,5028,89588,79040,10548,454972,380938,74034,115732,104264,11468
755,2024-03-01,49683,44719,4964,79517,70902,8615,418984,341656,77328,105130,93532,11598
756,2024-03-02,56328,51328,5000,91698,82232,9466,475526,396186,79340,121010,108480,12530
757,2024-03-03,57382,52279,5103,93981,83501,10480,483018,402825,80193,123610,110153,13457
758,2024-03-04,57041,51839,5202,92795,82112,10683,479635,395436,84199,124008,108323,15685
759,2024-03-05,54507,49083,5424,89177,79199,9978,458498,381650,76848,118603,104475,14128
760,2024-03-06,40122,36823,3299,62242,54480,7762,336015,262471,73544,84019,71864,12155
761,2024-03-07,44453,40642,3811,71653,63064,8589,374158,303797,70361,93706,83190,10516
762,2024-03-08,54714,49752,4962,90746,81209,9537,461100,391664,69436,117543,107128,10415
763,2024-03-09,56927,51675,5252,92416,82470,9946,480399,397402,82997,124285,108795,15490
764,2024-03-10,43887,39828,4059,68530,60507,8023,369112,291459,77653,93119,79817,13302
765,2024-03-11,56094,50886,5208,91541,81258,10283,472939,391445,81494,121886,107191,14695
766,2024-03-12,39774,35796,3978,61812,55302,6510,331102,266084,65018,83234,72953,10281
767,2024-03-13,55777,50907,4870,90677,81350,9327,470263,392000,78263,121389,107312,14077
768,2024-03-14,52062,47240,4822,83794,74062,9732,438272,357212,81060,111793,97702,14091
769,2024-03-15,41399,37919,3480,64308,56517,7791,345832,272095,73737,87526,74555,12971
770,2024-03-16,46385,42054,4331,74473,66131,8342,389918,318701,71217,97071,87234,9837
771,2024-03-17,47180,42899,4281,74671,66303,8368,397096,319701,77395,100462,87467,12995
772,2024-03-18,54701,49913,4788,88176,78701,9475,460625,379398,81227,118128,103821,14307
773,2024-03-19,43305,39480,3825,67605,59596,8009,362870,287399,75471,89545,78619,10926
774,2024-03-20,48243,43811,4432,78425,69458,8967,403938,334345,69593,104199,91627,12572
775,2024-03-21,45567,41468,4099,73237,64792,8445,381889,312214,69675,96564,85473,11091
776,2024-03-22,43396,39319,4077,70011,62497,7514,362180,300767,61413,92298,82444,9854
777,2024-03-23,45258,41390,3868,71408,63765,7643,378360,307314,71046,95965,84113,11852
778,2024-03-24,45744,41225,4519,72439,64903,7536,385371,312353,73018,98317,85614,12703
779,2024-03-25,53750,48870,4880,87601,78229,9372,453067,377419,75648,114497,103196,11301
780,2024-03-26,44182,39879,4303,70290,61984,8306,371485,298890,72595,94877,81764,13113
781,2024-03-27,40480,36945,3535,63943,56869,7074,339577,273561,66016,83482,75021,8461
782,2024-03-28,49847,45182,4665,79407,70605,8802,419296,339974,79322,108078,93143,14935
783,2024-03-29,40574,36701,3873,62316,55542,6774,340652,267370,73282,86469,73269,13200
784,2024-03-30,52490,47247,5243,86480,77324,9156,440723,373008,67715,113569,102001,11568
785,2024-03-31,49584,45106,4478,79664,70688,8976,417029,340464,76565,106853,93247,13606
786,2024-04-01,56748,51460,5288,93441,83612,9829,478403,402946,75457,124502,110300,14202
787,2024-04-02,43523,39477,4046,67135,59073,8062,366092,284220,81872,91128,77924,13204
788,2024-04-03,47774,43372,4402,75438,66763,8675,401647,321683,79964,101899,88074,13825
789,2024-04-04,56239,50997,5242,91320,80814,10506,474880,389293,85587,120605,106611,13994
790,2024-04-05,50206,45308,4898,81724,72660,9064,422538,350184,72354,107576,95851,11725
791,2024-04-06,45864,41553,4311,72057,63586,8471,386732,306209,80523,97535,83878,13657
792,2024-04-07,56852,51329,5523,92636,81906,10730,479104,394734,84370,121556,108050,13506
793,2024-04-08,51340,46407,4933,81899,73212,8687,430559,353169,77390,110269,96578,13691
794,2024-04-09,49768,44857,4911,78576,70454,8122,420362,339260,81102,107564,92941,14623
795,2024-04-10,39973,36370,3603,64022,56098,7924,332898,270374,62524,83449,74004,9445
796,2024-04-11,53007,47818,5189,87640,78588,9052,445440,378970,66470,112727,103674,9053
797,2024-04-12,42847,38973,3874,66959,58804,8155,360343,283135,77208,89145,77570,11575
798,2024-04-13,43107,38908,4199,68388,61055,7333,361121,294236,66885,89213,80543,8670
799,2024-04-14,57261,51752,5509,95221,84212,11009,483066,405673,77393,124176,111091,13085
800,2024-04-15,49459,45120,4339,79292,70321,8971,415897,338960,76937,105792,92766,13026
801,2024-04-16,41692,37853,3839,65820,58602,7218,347709,282101,65608,86318,77303,9015
802,2024-04-17,51435,46655,4780,84274,75287,8987,431569,362753,68816,109710,99314,10396
803,2024-04-18,54206,49057,5149,87131,78076,9055,457248,376275,80973,115773,102998,12775
804,2024-04-19,56242,51251,4991,92792,82571,10221,474665,397711,76954,122186,108926,13260
805,2024-04-20,52384,47324,5060,85832,75962,9870,441924,365939,75985,112274,100209,12065
806,2024-04-21,43072,39252,3820,68155,60300,7855,360723,290214,70509,91292,79542,11750
807,2024-04-22,48398,43837,4561,79070,69977,9093,405187,337039,68148,101478,92309,9169
808,2024-04-23,54577,49143,5434,88040,78192,9848,459523,376693,82830,116263,103146,13117
809,2024-04-24,43393,39523,3870,67970,59780,8190,365337,288334,77003,92428,78856,13572
810,2024-04-25,51392,46559,4833,81749,72356,9393,432483,348471,84012,110891,95449,15442
811,2024-04-26,46506,42341,4165,74628,66009,8619,392105,317771,74334,98557,87078,11479
812,2024-04-27,51880,46728,5152,85205,76146,9059,438074,366891,71183,110893,100447,10446
813,2024-04-28,43539,39842,3697,69817,61680,8137,365357,297215,68142,91023,81362,9661
814,2024-04-29,45174,41092,4082,70441,62151,8290,380354,299660,80694,96352,81988,14364
815,2024-04-30,53755,48727,5028,86166,76179,9987,454023,366987,87036,117070,100492,16578
816,2024-05-01,50314,45592,4722,80627,71214,9413,423671,343421,80250,106451,93945,12506
817,2024-05-02,52765,47700,5065,85813,76908,8905,445662,370966,74696,115115,101452,13663
818,2024-05-03,54880,49999,4881,90641,80437,10204,462372,387936,74436,118484,106108,12376
819,2024-05-04,47715,43098,4617,76132,68198,7934,399904,328615,71289,102648,89962,12686
820,2024-05-05,43910,39586,4324,68830,60796,8034,369076,292688,76388,92112,80197,11915
821,2024-05-06,56935,51379,5556,93349,82852,10497,481269,399667,81602,121802,109295,12507
822,2024-05-07,42289,38299,3990,67133,59613,7520,354981,287486,67495,87175,78641,8534
823,2024-05-08,55374,50197,5177,90543,80002,10541,465518,385555,79963,118922,105539,13383
824,2024-05-09,44159,40309,3850,69470,61052,8418,371394,293866,77528,92504,80534,11970
825,2024-05-10,44613,40620,3993,70230,62056,8174,372800,298646,74154,95587,81864,13723
826,2024-05-11,48866,44120,4746,76757,68077,8680,409220,327698,81522,105407,89803,15604
827,2024-05-12,47341,43256,4085,74658,65576,9082,397521,316142,81379,102096,86503,15593
828,2024-05-13,42405,38749,3656,66077,58915,7162,356473,284038,72435,89701,77715,11986
829,2024-05-14,55478,50464,5014,91850,82396,9454,467710,397253,70457,120137,108697,11440
830,2024-05-15,55508,50439,5069,91296,80873,10423,469045,389832,79213,118458,106688,11770
831,2024-05-16,41575,38068,3507,65106,57128,7978,347888,275176,72712,86439,75360,11079
832,2024-05-17,45652,41334,4318,73858,65652,8206,383294,316093,67201,95123,86608,8515
833,2024-05-18,50322,46001,4321,79411,70309,9102,422754,338733,84021,108447,92750,15697
834,2024-05-19,48506,44141,4365,76891,67592,9299,406710,325711,80999,104844,89166,15678
835,2024-05-20,52387,47595,4792,85774,76590,9184,439674,369234,70440,111947,101036,10911
836,2024-05-21,57545,51818,5727,94575,83608,10967,487209,403136,84073,125720,110293,15427
837,2024-05-22,49783,44889,4894,80279,70715,9564,417499,340462,77037,107946,93286,14660
838,2024-05-23,54854,49420,5434,88693,78919,9774,460975,380725,80250,118150,104106,14044
839,2024-05-24,40089,36298,3791,61689,54451,7238,335858,262559,73299,84684,71829,12855
840,2024-05-25,46282,41744,4538,72982,65309,7673,386990,314323,72667,97788,86156,11632
841,2024-05-26,40415,36556,3859,64707,57783,6924,339128,278641,60487,82854,76226,6628
842,2024-05-27,54742,49347,5395,87424,77420,10004,460184,373245,86939,118042,102128,15914
843,2024-05-28,48049,43483,4566,77836,69001,8835,402790,332299,70491,101600,91025,10575
844,2024-05-29,51753,47122,4631,84507,75662,8845,437027,364652,72375,110762,99814,10948
845,2024-05-30,52048,47095,4953,82461,72882,9579,439583,351564,88019,113394,96146,17248
846,2024-05-31,45681,41826,3855,71541,63946,7595,382565,308110,74455,97616,84357,13259
847,2024-06-01,40283,36873,3410,62341,54658,7683,335445,263500,71945,83572,72102,11470
848,2024-06-02,53909,49049,4860,86540,77193,9347,452993,372227,80766,116142,101829,14313
849,2024-06-03,53956,48768,5188,88849,78897,9952,454910,380549,74361,116814,104079,12735
